# Created at Thu Nov 21 18:10:40 GMT+09:00 2024
2160912688887180 -9.548368 0.907430 -2.389486
2160912948857665 -9.438231 -0.318439 -2.983266
2160913208830656 -9.294575 0.656031 -2.011191
2160913468801786 -10.027223 1.570644 -3.799714
2160913728769116 -8.976136 0.069434 -5.406272
2160913988736843 -7.836462 0.344776 -3.859571
2160914248705871 -10.319324 0.524346 -4.422225
2160914508674598 -7.992089 0.047885 -3.167626
2160914768642063 -10.551569 0.289707 -5.286559
2160915028609991 -7.565908 0.079011 -4.479688
2160915288581418 -10.515655 0.131685 -4.673625
2160915548552614 -7.913078 0.452518 -3.830840
2160915808520778 -10.180456 0.069434 -5.530775
2160916068488239 -7.300144 -0.064645 -5.430215
2160916328456999 -10.503684 0.038308 -4.879532
2160916588425894 -7.965752 0.536318 -3.940976
2160916848393756 -10.934653 -0.347170 -5.585843
2160917108855802 -7.257047 0.289707 -4.168432
2160917368826729 -10.242707 1.185166 -5.078257
2160917628798491 -8.154900 0.234639 -4.503631
2160917928762887 -11.004087 -0.531529 -5.303319
2160918188730416 -6.493273 0.184359 -3.909851
2160918448700844 -10.561146 0.430969 -5.660066
2160918708672140 -7.149304 0.040703 -3.792531
2160918968641669 -10.843671 0.131685 -4.498842
2160919228609065 -7.491686 -0.134079 -3.656058
2160919488577326 -10.084685 0.282524 -5.451764
2160919748546254 -7.309721 -0.555472 -4.529968
2160920008514516 -9.938635 0.644060 -5.648094
2160920268481945 -6.653690 0.225062 -3.770983
2160920528451541 -10.879584 1.194743 -5.324867
2160920788422836 -7.455772 0.392661 -3.893091
2160921048393365 -11.025636 0.217879 -4.005622
2160921308360562 -7.043956 0.306467 -3.239454
2160921568328656 -10.898739 0.227456 -5.185999
2160921828297550 -7.527600 0.354353 -4.146884
2160922088266212 -10.453403 -0.028731 -5.207548
2160922348233475 -6.445388 -0.155628 -3.615355
2160922608202204 -10.934653 0.395055 -4.522785
2160922868174033 -7.688016 -0.464489 -2.808484
2160923128145694 -10.668888 -0.550683 -5.411061
2160923388113324 -7.345635 -0.469278 -5.207548
2160923648081119 -10.812545 0.143656 -4.407860
2160923908052613 -8.063917 -0.019154 -3.842811
2160924168023842 -10.398335 0.270553 -5.774991
2160924427991973 -7.010437 -0.105348 -3.912245
2160924687959401 -10.458193 0.064645 -4.656865
2160924947928196 -8.030397 0.119714 -3.011998
2160925207896990 -11.071127 -0.196331 -5.375147
2160925467864820 -6.840443 -0.215485 -4.635316
2160925727832248 -10.719169 0.703917 -4.041536
2160925987803075 -8.284191 -0.050280 -4.120547
2160926247774404 -11.085492 -0.201119 -5.181211
2160926507743500 -7.563514 -0.035914 -3.258608
2160926767710996 -10.656918 -0.110137 -4.295329
2160927027679456 -8.181237 0.332804 -3.158048
2160927287648284 -10.956202 0.179571 -5.087834
2160927547616479 -7.776605 -0.514769 -4.098999
2160927807583908 -10.012857 0.715888 -4.266598
2160928067553803 -8.042369 1.182772 -2.303292
2160928327525697 -10.405519 0.198725 -5.389513
2160928587496259 -7.604217 -0.011971 -4.125336
2160928847463622 -10.910710 0.627300 -3.847600
2160929107432717 -7.996878 0.553077 -3.177203
2160929367404045 -11.401537 -0.093377 -5.765414
2160929627374907 -7.486897 -0.117319 -3.926611
2160929887342204 -10.862824 0.407027 -5.341627
2160930147310031 -8.126168 0.756591 -3.430996
2160930407279025 -11.370411 -0.098165 -5.253039
2160930667247887 -7.151699 -0.026337 -3.792531
2160930927215150 -11.130983 -0.459701 -4.273780
2160931187183312 -8.037580 -0.227456 -2.980872
2160931447154806 -10.829305 -0.486038 -5.741471
2160931707126135 -7.391126 0.126897 -3.524373
2160931967093899 -11.176475 -0.186753 -5.150085
2160932227061361 -7.163670 0.624906 -2.710319
2160932487030289 -11.133378 0.299284 -5.566689
2160932746999084 -6.897906 -0.349564 -4.089421
2160933006966614 -11.370411 0.423787 -4.723904
2160933266934209 -7.467743 0.011971 -3.210722
2160933526905704 -11.368017 -0.143656 -5.614574
2160933786877532 -6.282577 -0.356747 -4.170827
2160934046846461 -11.183658 -0.287313 -5.162056
2160934306813956 -6.828472 -0.043097 -3.409447
2160934566784384 -11.308160 -0.179571 -5.164451
2160934826755714 -6.969734 -0.354353 -4.290541
2160935086725176 -10.685649 0.339987 -4.010410
2160935346692572 -7.589851 -0.474066 -3.287339
2160935606960933 -12.206013 0.088588 -4.465322
2160935867463029 -6.246663 0.222668 -3.543527
2160936128131326 -11.698426 0.213090 -5.193182
2160936388532054 -7.513234 -0.064645 -2.928198
2160936648534783 -10.759871 -0.177176 -4.929812
2160936908506211 -6.921848 0.088588 -3.567469
2160937168476707 -10.956202 0.179571 -5.837242
2160937428443938 -7.194796 -0.421392 -3.866754
2160937688411932 -11.473365 -0.735042 -4.628133
2160937948425042 -6.964945 0.368718 -3.141289
2160938208393737 -11.976163 0.222668 -3.876331
2160938468360935 -6.830866 -0.486038 -3.885908
2160938728329496 -11.980951 -0.617723 -3.225088
2160938988301424 -6.988888 -0.447729 -3.165231
2160939248273154 -11.820535 0.378295 -3.979285
2160939508240684 -7.084659 -0.536318 -3.052700
2160939768208513 -13.065557 -0.727860 -5.121354
2160940028179908 -7.058322 -0.203513 -2.830033
2160940288151137 -11.461393 0.565049 -2.784542
2160940548119368 -7.288173 -0.057463 -2.370332
2160940808086830 -12.119819 -1.338400 -5.640912
2160941068055624 -7.606611 -0.627300 -2.633702
2160941328024485 -11.317737 0.531529 -4.352792
2160941587992216 -7.939415 0.720677 -2.571451
2160941847959610 -10.257073 -1.055875 -6.773404
2160942107930472 -8.214757 0.177176 -2.423006
2160942367901768 -9.383162 0.418998 -6.610593
2160942627870964 -8.298556 -0.237033 -4.599402
2160942887838360 -8.554744 -1.017567 -6.193989
2160943147806787 -8.509253 -0.541106 -4.486871
2160943427773281 -8.075889 0.181965 -5.018400
2160943687741344 -9.153313 -0.203513 -4.122941
2160943947708840 -8.478127 -0.900247 -4.345609
2160944207679169 -9.203592 0.646454 -3.407053
2160944467651030 -8.154900 0.478855 -5.221913
2160944727621159 -8.746285 0.696734 -3.265791
2160944987588554 -8.241094 -0.747014 -4.403071
2160945247557849 -8.894731 -0.067040 -3.921822
2160945507529211 -8.748680 -0.167599 -5.736682
2160945767499973 -9.035994 0.033520 -3.816474
2160946027467103 -8.356019 -0.325621 -6.311308
2160946287435065 -8.626573 -0.191542 -3.639298
2160946547403993 -8.334471 -0.079011 -6.208354
2160946807372787 -8.765440 -0.009577 -4.089421
2160947067339983 -8.334471 -0.624906 -5.188394
2160947327308411 -8.578687 -0.313650 -3.531555
2160947587279872 -8.332076 0.811659 -6.189200
2160947847251169 -8.789383 0.304073 -2.578634
2160948107218734 -8.537984 -0.775745 -6.138921
2160948367186329 -8.341654 -0.378295 -3.251425
2160948627155324 -8.025609 0.330410 -6.672844
2160948887124085 -9.016839 0.095771 -2.772570
2160949147091549 -8.310528 -1.024750 -6.170046
2160949407059210 -8.597841 -0.220273 -3.871542
2160949667030872 -9.021627 0.083800 -5.688797
2160949927002634 -9.323306 -0.790111 -3.541132
2160950186971464 -8.243488 -0.720677 -4.340820
2160950446938859 -9.095850 0.531529 -3.181991
2160950706909520 -8.008849 0.502798 -4.125336
2160950966880948 -9.380769 0.474066 -3.507613
2160951226850211 -7.860404 -1.201926 -4.139701
2160951486817541 -9.232324 0.751802 -4.383917
2160951746785935 -7.970541 0.344776 -1.680781
2160952006754663 -10.546781 -0.021548 -4.415043
2160952266722992 -7.453377 -0.186753 -3.311282
2160952526690421 -10.185245 1.070241 -5.068680
2160952786660049 -7.515629 0.797293 -4.338426
2160953046631478 -11.018453 -0.708705 -5.372753
2160953306601841 -6.402291 -0.251399 -4.546728
2160953566569137 -10.683254 0.663214 -5.827665
2160953826537265 -6.445388 0.268159 -4.474900
2160954086506092 -11.566742 -0.744619 -5.911465
2160954346474687 -5.904282 -0.124502 -3.481276
2160954606441951 -10.786208 1.144463 -4.577853
2160954866410746 -6.838049 0.035914 -4.470111
2160955126382740 -11.514068 -0.502798 -4.424620
2160955386354302 -6.332857 0.981653 -3.610566
2160955646321765 -11.128590 -0.294496 -5.777385
2160955906289793 -6.244269 -0.371113 -4.872349
2160956166261287 -11.542799 -0.672791 -5.130931
2160956426232450 -5.813299 0.404632 -3.838022
2160956686200415 -10.446221 0.735042 -4.735876
2160956946167909 -6.177229 -0.004789 -3.256214
2160957206136736 -11.957008 -1.194743 -3.368745
2160957466105597 -5.904282 -0.146051 -3.960130
2160957726073227 -11.571530 -1.149252 -5.071074
2160957986040756 -6.490879 -1.510787 -4.091815
2160958246011750 -11.188446 -1.757398 -5.842031
2160958506088143 -6.431022 -1.122915 -4.714327
2160958766057073 -10.790997 0.112531 -5.925830
2160959026024536 -7.620977 -1.115732 -4.371946
2160959285992996 -10.879584 -0.306467 -5.739077
2160959545961924 -7.680834 -0.263370 -3.174809
2160959805929921 -9.998491 -0.088588 -4.953754
2160960065897350 -8.013638 0.268159 -3.083826
2160960325867612 -8.935433 -0.715888 -4.063084
2160960585839475 -8.676852 -0.993624 -4.331243
2160960845809904 -9.603436 -0.196331 -5.207548
2160961105777166 -8.447001 0.524346 -2.839610
2160961365746362 -9.869201 -0.095771 -5.332050
2160961625717724 -7.922655 -0.701523 -2.415823
2160961885688486 -9.383162 0.232245 -3.433390
2160962145655683 -8.147717 0.395055 -1.908237
2160962405623678 -10.168485 -0.840390 -4.094210
2160962665592539 -8.547561 -0.059857 -3.605778
2160962925561367 -9.225141 -0.380690 -4.280963
2160963185528630 -8.317711 0.814053 -3.426207
2160963445496959 -9.249084 0.610540 -3.612961
2160963705468520 -9.208381 -0.699128 -4.671230
2160963965439716 -9.107821 -0.057463 -4.350397
2160964225407280 -8.238700 -0.100560 -6.158075
2160964485374908 -9.158101 0.181965 -3.229877
2160964745343802 -8.638543 -0.730254 -3.787743
2160965005312629 -8.961771 0.466884 -3.510007
2160965265280260 -8.581081 -0.385478 -6.605804
2160965525247887 -8.631361 0.490826 -2.585817
2160965785219482 -9.689631 -1.692752 -7.122968
2160966045191344 -8.458973 -0.306467 -2.241041
2160966305160074 -9.342461 0.162811 -6.873963
2160966565127503 -8.315316 -0.112531 -1.958517
2160966825097997 -10.379181 -0.663214 -5.571477
2160967085069192 -7.412675 -0.747014 -2.207521
2160967345038755 -10.987327 -0.287313 -4.623344
2160967605006084 -7.506052 -0.320833 -1.635290
2160967864974412 -10.671283 -1.525153 -3.459727
2160968124943273 -7.055928 0.023943 -4.237866
2160968384911668 -11.602655 0.335198 -4.798127
2160968644879097 -6.948185 -0.239427 -3.993650
2160968904848726 -11.133378 -0.885882 -5.815693
2160969164820022 -5.667248 -0.263370 -4.687990
2160969424790418 -11.344074 -0.031126 -5.789357
2160969684757681 -6.929031 -0.134079 -4.824464
2160969944725675 -11.305766 -0.864333 -5.818088
2160970204694603 -6.095824 0.016760 -4.465322
2160970464663264 -11.028029 0.272947 -4.417437
2160970724630561 -6.368771 0.136474 -4.637710
2160970984599256 -11.624205 -0.967287 -4.587430
2160971244571151 -6.232297 -0.409421 -3.818868
2160971504542745 -11.554770 -0.057463 -5.430215
2160971764510375 -6.368771 -0.102954 -3.706337
2160972024478204 -11.746312 -0.706311 -4.065479
2160972284449631 -6.404685 -0.014366 -4.075056
2160972544420893 -11.004087 -0.023943 -3.723097
2160972804388924 -6.706364 -0.548289 -4.003228
2160973064356453 -11.609838 -1.118126 -4.391100
2160973324325214 -6.191595 0.021548 -4.223501
2160973584294109 -10.838882 0.495615 -4.676019
2160973844261872 -6.474119 0.143656 -4.067873
2160974104229401 -11.664907 -0.270553 -4.558699
2160974364200228 -6.165257 -0.538712 -3.268185
2160974624171591 -11.406325 -0.275342 -5.537958
2160974884140621 -6.289760 0.059857 -4.853195
2160975144108050 -11.260275 -0.751802 -4.122941
2160975404076545 -6.517216 -0.567443 -4.134912
2160975664045340 -11.080704 0.402238 -3.775771
2160975924013569 -6.172441 0.538712 -4.793338
2160976183980931 -11.413508 -0.766168 -5.739077
2160976443951059 -6.478908 0.059857 -4.166038
2160976703922853 -10.788602 1.134886 -4.690384
2160976963893349 -6.854809 -0.021548 -4.163644
2160977223860711 -11.224360 -0.770957 -6.251451
2160977483829906 -6.186806 0.110137 -4.467717
2160977743801234 -11.516461 0.701523 -4.245049
2160978003772063 -7.144516 0.198725 -3.897879
2160978263739328 -10.972961 -0.088588 -5.458947
2160978523707188 -6.957763 -0.663214 -4.580248
2160978783676082 -10.862824 -0.057463 -4.606585
2160979043714897 -7.113390 -0.538712 -3.780560
2160979303682194 -11.748707 -0.098165 -5.889916
2160979563650489 -7.010437 -0.198725 -4.508420
2160979823622017 -10.831699 0.380690 -5.284164
2160980083593213 -8.288980 0.009577 -2.861158
2160980343560911 -10.843671 -0.584203 -4.223501
2160980603528438 -7.604217 -0.893064 -4.091815
2160980863497332 -10.510866 -0.155628 -4.429409
2160981123466226 -8.142929 0.557866 -1.709512
2160981383433756 -10.429461 -0.009577 -4.084633
2160981643401318 -8.241094 -0.735042 -2.478074
2160981903372880 -9.933846 -0.179571 -4.364763
2160982163344676 -8.128563 0.588992 -2.229070
2160982423313639 -9.804555 -0.509981 -3.600989
2160982683281001 -8.700794 -1.144463 -2.765387
2160982943251429 -9.395134 -0.292102 -4.616162
2160983203222758 -8.066312 0.653637 -3.565075
2160983463192321 -9.833286 -0.160416 -4.158855
2160983723159650 -8.152506 -0.876305 -4.683201
2160983983128044 -8.921068 0.004789 -3.203540
2160984263094438 -8.526012 0.677580 -2.322447
2160984523062634 -9.545974 -0.201119 -3.603384
2160984783030197 -8.401510 -1.491633 -3.596201
2160985042999892 -8.777411 -0.538712 -2.964112
2160985302971321 -8.887548 -0.402238 -5.937801
2160985562941517 -8.655303 -0.263370 -2.648068
2160985822908747 -9.057542 -1.374314 -5.657671
2160986082876807 -7.841250 -0.948133 -2.588211
2160986342845735 -10.091868 0.067040 -6.059909
2160986602814331 -8.394327 -0.033520 -1.745426
2160986862781628 -10.848459 -1.410228 -5.353599
2160987122750555 -8.008849 -0.335198 -1.877111
2160987382722417 -10.958596 0.225062 -4.036747
2160987642694012 -7.891530 -0.289707 -1.721484
2160987902661442 -11.949825 -1.709512 -4.733481
2160988162629405 -7.065505 -0.270553 -1.771763
2160988422600899 -11.782227 0.349564 -2.906650
2160988682572228 -7.278595 -0.541106 -2.707925
2160988942540025 -12.555577 -0.763774 -2.602577
2160989202507553 -6.466936 -0.574626 -2.722291
2160989462476380 -12.036019 -0.272947 -2.576240
2160989722445308 -6.414262 -0.490826 -3.265791
2160989982412972 -11.741524 -0.871516 -3.430996
2160990242380400 -6.167652 -0.021548 -2.789330
2160990502351562 -11.305766 -1.726272 -5.281770
2160990762322891 -6.763826 -1.199532 -4.515602
2160991022291754 -11.032818 -1.520365 -5.229096
2160991282259117 -6.117372 -1.245023 -4.142096
2160991542227678 -10.661706 -0.339987 -4.704750
2160991802196472 -7.369578 -1.043904 -5.533169
2160992062164635 -11.260275 0.213090 -4.855589
2160992322132030 -8.023215 -1.309668 -3.991256
2160992582102326 -9.905115 -0.172388 -4.285752
2160992842074154 -8.305739 -0.469278 -2.197944
2160993102044350 -10.237919 0.138868 -4.149278
2160993362011779 -8.413482 -1.381497 -3.040729
2160993621981040 -9.711179 0.222668 -4.759819
2160993901950135 -8.324894 0.950527 -1.623318
2160994161920663 -9.553157 0.438152 -5.030371
2160994421887927 -8.365596 -1.285726 -2.367938
2160994681855922 -9.883567 0.184359 -5.011217
2160994941824816 -8.166871 0.416604 -2.707925
2160995201793544 -9.615408 -0.143656 -3.720703
2160995461760874 -8.545167 -1.070241 -3.639298
2160995721729535 -9.040782 -0.323227 -3.617749
2160995981700996 -8.317711 0.062251 -4.628133
2160996241672058 -8.952193 0.280130 -2.923409
2160996501639456 -8.590658 -0.711100 -5.360781
2160996761607185 -8.480521 -0.399844 -2.116539
2160997021576079 -9.232324 0.407027 -7.060717
2160997281544941 -8.037580 0.272947 -1.680781
2160997541512371 -10.503684 -0.931373 -6.952974
2160997801480166 -7.767027 -0.598569 -2.279350
2160998061451994 -10.836488 0.457306 -4.673625
2160998321423722 -8.047157 -0.138868 -2.499623
2160998581392086 -11.528433 -1.017567 -5.071074
2160998841359581 -7.448589 -0.502798 -2.607365
2160999101330408 -11.224360 0.296890 -3.536344
2160999361301771 -7.518023 -0.361535 -2.806090
2160999621270834 -11.502096 -0.251399 -2.672011
2160999881321029 -6.787769 0.009577 -3.035940
2161000141289557 -11.535616 -0.445335 -3.636904
2161000401258353 -7.094236 -0.996018 -4.046324
2161000661226482 -10.968173 -0.823631 -4.755030
2161000921193977 -7.570697 -1.158829 -4.881927
2161001181163805 -10.142148 0.500403 -4.168432
2161001441135134 -8.468550 -0.627300 -4.098999
2161001701105197 -10.628186 0.569837 -3.996045
2161001961072460 -8.966559 -1.326428 -2.791724
2161002221040789 -9.881172 0.265765 -4.010410
2161002481009583 -8.698400 0.126897 -2.030345
2161002740978078 -9.885961 -0.208302 -3.940976
2161003000945408 -8.834874 -1.187560 -2.669616
2161003260914469 -8.909097 -0.347170 -3.392687
2161003520886297 -8.676852 0.330410 -3.603384
2161003780857758 -8.681641 0.567443 -3.172414
2161004040825155 -8.894731 -0.498009 -4.980092
2161004300793417 -8.480521 -0.656031 -3.184386
2161004560764911 -8.794171 0.167599 -5.305713
2161004820736140 -8.186026 0.110137 -2.736656
2161005080703738 -9.440625 -0.835602 -6.284971
2161005340671399 -7.901107 -0.294496 -2.205127
2161005600640293 -10.412702 0.239427 -5.118959
2161005860609122 -8.157294 -0.445335 -2.111750
2161006120576720 -10.721562 -0.950527 -6.735095
2161006380544281 -8.039975 -0.634483 -2.566663
2161006640515609 -11.063944 0.687157 -2.892284
2161006900486871 -8.028004 -0.158022 -2.528354
2161007160455501 -11.662513 -1.127703 -5.332050
2161007420422930 -7.520417 0.023943 -1.898660
2161007680391490 -11.418297 0.739831 -4.003228
2161007940360318 -8.248277 -0.232245 -2.056682
2161008200328314 -11.751101 -1.019961 -4.173221
2161008460295742 -7.764633 -0.320833 -1.755003
2161008720266371 -11.521251 0.569837 -3.524373
2161008980238166 -8.200391 -0.495615 -3.043123
2161009240208161 -12.227561 -0.311256 -1.652050
2161009500175623 -7.357606 -0.541106 -2.427795
2161009760145085 -11.770255 -0.459701 -1.747821
2161010020116380 -7.690411 -0.220273 -3.026363
2161010280086876 -11.614627 -0.138868 -2.803696
2161010540054106 -7.269018 -0.083800 -3.646481
2161010800022133 -11.150138 -1.156435 -3.957736
2161011059991094 -8.250671 -0.663214 -3.782954
2161011319959789 -10.647340 -0.837996 -3.081432
2161011579927119 -8.152506 -1.980065 -2.487652
2161011839895714 -9.838076 0.454912 -3.229877
2161012099867208 -8.564321 0.067040 -3.340013
2161012359838305 -9.155706 0.770957 -2.796513
2161012619805669 -9.304152 -1.367131 -4.980092
2161012879773329 -9.050359 -0.498009 -3.773377
2161013139742290 -9.069513 -0.064645 -7.031985
2161013399711051 -8.298556 0.289707 -2.525960
2161013659678615 -9.847652 -0.919402 -6.143709
2161013919646443 -7.860404 -0.251399 -2.257801
2161014179618138 -10.146936 -0.217879 -6.287365
2161014439590066 -8.274613 -0.524346 -1.764580
2161014699558397 -10.173274 -1.091789 -6.505245
2161014959525859 -8.480521 -0.648848 -2.554691
2161015219496720 -10.960990 -0.282524 -5.655277
2161015479468016 -8.090255 -0.344776 -2.363149
2161015739437079 -11.049579 -1.096578 -6.330462
2161015999404608 -7.601822 -0.488432 -2.001614
2161016259373002 -11.497308 0.196331 -4.597008
2161016519341863 -7.862799 -0.016760 -2.004008
2161016779310059 -12.004894 -1.079818 -4.290541
2161017039277454 -7.103813 -0.620117 -2.355966
2161017299247383 -11.954614 0.282524 -3.452544
2161017559218645 -7.221133 0.169994 -1.908237
2161017819188774 -12.232350 -0.495615 -3.299311
2161018079156071 -6.483696 0.002394 -1.544307
2161018339124232 -12.186859 0.229850 -2.676799
2161018599093059 -7.328875 -0.258582 -2.315264
2161018859061688 -12.071934 -0.328016 -2.533143
2161019119028951 -6.519610 0.280130 -2.351178
2161019378997947 -11.312948 -0.150839 -4.261809
2161019638969875 -7.223527 -0.905036 -3.213117
2161019898941302 -11.394354 -0.469278 -4.575459
2161020158908765 -7.146910 -0.873910 -3.620143
2161020419006134 -10.683254 -1.326428 -4.517997
2161020678977561 -8.475733 -1.307274 -4.807704
2161020938948924 -10.647340 -0.380690 -4.484477
2161021198916689 -8.473338 -1.261783 -1.853169
2161021458884218 -10.022434 0.220273 -3.914639
2161021718853212 -8.569110 0.045491 -3.201145
2161021978822173 -10.520444 0.035914 -4.106181
2161022238789803 -8.985713 -1.675992 -2.027951
2161022498757132 -9.603436 -0.562655 -4.415043
2161022758728259 -8.906702 0.031126 -1.869929
2161023018699555 -9.407105 -0.395055 -3.059883
2161023278668351 -8.803748 -1.101366 -1.237840
2161023538635746 -9.320911 -0.878699 -4.221107
2161023798604375 -8.576292 0.627300 -2.669616
2161024058573136 -8.952193 0.004789 -3.153260
2161024318541165 -9.471751 -0.636877 -4.534757
2161024578508627 -9.007262 -0.550683 -3.435784
2161024838479056 -8.813326 -0.074223 -4.386312
2161025098450850 -9.229929 0.016760 -3.907456
2161025358421179 -9.019233 -0.873910 -5.712739
2161025618388474 -8.523619 -0.270553 -2.631308
2161025878357769 -9.617802 -0.260976 -6.684815
2161026138329131 -8.274613 -0.174782 -2.681588
2161026398299693 -9.703996 -0.641666 -6.239480
2161026658267157 -8.171659 -0.383084 -2.147665
2161026918235051 -10.393547 0.332804 -5.734288
2161027178204045 -7.915473 0.126897 -2.786936
2161027438172773 -11.461393 -1.163618 -6.110189
2161027698140037 -7.360001 -0.287313 -2.071048
2161027958108498 -11.413508 0.043097 -3.912245
2161028218080060 -7.941810 0.251399 -2.317658
2161028478051123 -12.402344 -1.553884 -1.968094
2161028738018588 -6.988888 -0.452518 -2.559480
2161028997986349 -11.360834 1.161223 -2.968901
2161029257955176 -6.996071 0.035914 -2.102173
2161029517924071 -12.732754 -1.127703 -2.312870
2161029777891468 -6.917060 -0.378295 -2.128510
2161030037859163 -11.516461 0.361535 -2.336812
2161030297830825 -6.641718 0.260976 -2.564268
2161030557802653 -12.359246 -0.902642 -3.890697
2161030817771283 -6.739883 0.277736 -2.813273
2161031077738879 -11.959403 0.019154 -3.581835
2161031337709540 -7.427041 -0.404632 -2.700742
2161031597680836 -12.986547 -0.785322 -3.026363
2161031857650032 -6.701575 -0.064645 -2.339206
2161032117617428 -12.009683 1.063058 -3.481276
2161032377585856 -7.127756 -0.179571 -2.377515
2161032637554683 -12.850073 -0.730254 -2.918621
2161032897522946 -6.723124 -0.129291 -2.564268
2161033157490375 -11.894757 0.246610 -2.162030
2161033417460136 -6.917060 -0.165205 -2.834821
2161033677431464 -12.447835 -0.462095 -2.566663
2161033937401694 -6.799740 -0.366324 -2.640885
2161034217366457 -11.712792 -0.213090 -3.028758
2161034477334617 -6.881146 -0.397450 -2.830033
2161034737303478 -11.631387 -0.311256 -3.459727
2161034997571973 -6.897906 -0.260976 -3.694366
2161035257972568 -11.578713 -0.500403 -4.455745
2161035518208563 -7.096631 -0.524346 -4.113364
2161035778180426 -11.753495 -0.524346 -4.132518
2161036038151688 -6.617775 -0.493221 -4.146884
2161036298119018 -11.854054 -0.179571 -6.004841
2161036558087347 -7.345635 -0.260976 -4.613768
2161036818058808 -11.365623 -0.260976 -4.288146
2161037078030138 -7.376760 -1.132492 -3.814080
2161037337997601 -10.786208 0.464489 -5.379935
2161037597965296 -7.764633 0.268159 -4.264204
2161037857934223 -11.463788 -0.921796 -3.773377
2161038117903017 -7.968146 -1.125309 -5.135719
2161038377870548 -10.944230 -0.191542 -5.403878
2161038637838176 -7.898713 -0.603357 -4.489265
2161038897809371 -11.387171 -0.260976 -4.187587
2161039157780734 -7.635343 -0.996018 -5.090228
2161039417749230 -10.716774 -0.131685 -5.296136
2161039677716692 -8.006455 0.093377 -4.391100
2161039937685354 -11.169292 -0.347170 -5.552323
2161040197654215 -7.996878 -0.976864 -3.605778
2161040457622111 -10.925076 -0.442941 -5.844425
2161040717589673 -7.630554 -0.050280 -4.767001
2161040977560335 -10.958596 -0.122108 -4.338426
2161041237608536 -7.867587 -1.091789 -2.880313
2161041497578432 -9.431048 0.215485 -3.292128
2161041757545760 -8.564321 0.866727 -1.101366
2161042017515322 -9.258660 0.074223 -2.695953
2161042277486584 -9.287392 -0.708705 -2.695953
2161042537457046 -8.729526 -0.323227 -3.052700
2161042797424376 -9.364009 -0.830813 -5.284164
2161043057392438 -8.341654 -0.890670 -2.257801
2161043317361232 -10.091868 -2.837216 -7.343241
2161043577329960 -7.807730 -0.622511 -3.203540
2161043837297223 -9.905115 -1.805283 -8.121380
2161044097265884 -8.408693 -0.368718 -3.720703
2161044357237379 -10.819728 -1.369525 -4.604190
2161044617208475 -7.668862 -0.581809 -2.346389
2161044877175805 -11.071127 0.232245 -2.643279
2161045137143567 -7.458166 -0.450124 -2.449343
2161045397112595 -11.111830 -0.122108 -5.260222
2161045657081490 -6.921848 -0.495615 -4.422225
2161045917048820 -10.738322 -0.275342 -4.936995
2161046177016614 -7.599428 0.047885 -4.450957
2161046436988408 -11.157321 -0.438152 -6.914666
2161046696960203 -7.254653 -0.584203 -4.968120
2161046956928600 -10.316930 0.000000 -5.827665
2161047216896095 -8.174054 0.239427 -4.407860
2161047476866922 -10.506078 0.131685 -4.075056
2161047736838284 -8.751075 -0.785322 -3.105374
2161047996807314 -9.500483 0.256187 -1.980065
2161048256774776 -9.095850 0.830813 -0.574626
2161048516743271 -9.835681 0.193936 -3.292128
2161048776712133 -8.894731 -0.612934 -2.209916
2161049036680162 -8.966559 -0.126897 -3.656058
2161049296647658 -9.031204 -0.016760 -4.336032
2161049556617519 -8.561927 0.272947 -3.780560
2161049816588881 -9.593859 -0.993624 -6.227509
2161050076558977 -8.166871 -0.222668 -2.748627
2161050336526306 -10.125388 0.057463 -7.546754
2161050596494535 -8.061523 0.193936 -2.971295
2161050856463363 -10.949018 -0.952921 -4.881927
2161051116431824 -7.340847 -0.229850 -1.604164
2161051376399154 -11.128590 0.634483 -2.612154
2161051636368249 -7.714354 -0.057463 -2.001614
2161051896340077 -11.954614 0.122108 -2.791724
2161052156311572 -7.410281 0.059857 -3.445361
2161052416278969 -11.142955 -0.565049 -3.876331
2161052676247198 -7.838856 -0.146051 -4.005622
2161052936218692 -11.097464 0.644060 -5.475707
2161053196189954 -7.630554 0.395055 -4.326455
2161053456157585 -10.043983 0.897853 -4.826858
2161053716125179 -8.494887 0.612934 -4.656865
2161053976093973 -9.850046 -0.045491 -4.008016
2161054256060467 -7.735902 -0.308861 -3.347196
2161054516027932 -9.871595 0.105348 -4.357580
2161054775995761 -8.571504 0.627300 -1.381497
2161055035967089 -9.088667 -0.069434 -3.656058
2161055295938419 -9.222747 -0.193936 -3.045517
2161055555906582 -8.437425 0.284919 -2.511594
2161055815874110 -9.392740 0.074223 -7.089447
2161056075842871 -8.315316 0.009577 -2.731868
2161056335811665 -9.931452 -1.336005 -7.003254
2161056595779595 -7.944204 -0.517163 -2.370332
2161056855746990 -10.613820 0.014366 -6.873963
2161057115717953 -7.956175 -0.031126 -3.105374
2161057375689883 -11.212389 -0.761379 -7.058322
2161057635659479 -7.764633 -0.713494 -2.892284
2161057895626841 -10.477346 0.253793 -4.728693
2161058175594470 -7.692805 0.311256 -2.511594
2161058435565799 -11.095070 -0.926584 -6.237086
2161058695535594 -7.575486 -0.447729 -1.755003
2161058955503024 -11.083098 0.531529 -4.400677
2161059215471118 -7.659285 0.026337 -2.466103
2161059475439946 -11.485336 -0.404632 -2.609760
2161059735408475 -7.115785 -0.107742 -1.716695
2161059995375838 -10.992116 -0.186753 -3.091009
2161060255345033 -7.731113 -0.198725 -2.858764
2161060515316528 -10.958596 0.129291 -5.559506
2161060775287191 -7.374366 -0.332804 -4.676019
2161061035254422 -10.709591 0.052674 -4.824464
2161061295327041 -8.379962 0.347170 -4.089421
2161061555295902 -10.276228 -0.009577 -3.328042
2161061815264797 -8.748680 -0.775745 -2.494834
2161062075232061 -9.402317 0.107742 -3.929005
2161062335200390 -8.784595 0.653637 -1.336005
2161062595172318 -8.913885 0.256187 -3.340013
2161062855144080 -9.407105 -0.284919 -4.872349
2161063115111810 -8.274613 -0.493221 -3.833234
2161063375079505 -9.627379 0.050280 -5.923436
2161063635050766 -7.673651 0.232245 -3.407053
2161063895022062 -11.128590 -0.371113 -5.494861
2161064154990559 -7.439012 -0.275342 -3.545921
2161064414957954 -10.343267 0.167599 -4.316877
2161064674926615 -8.092649 0.210696 -5.458947
2161064934895509 -8.293768 0.543500 -5.403878
2161065194863405 -8.367990 0.749408 -4.134912
2161065454830934 -8.892337 -0.114925 -5.128537
2161065714801395 -9.737515 0.821236 -4.671230
