# Created at Thu Nov 21 18:10:40 GMT+09:00 2024
2160912688887180 0.593902 0.171116 0.125018 0.776124
2160912828869429 0.582914 0.157814 0.118685 0.788174
2160912968855147 0.587446 0.121634 0.137888 0.788098
2160913108840821 0.594228 0.130623 0.141946 0.780821
2160913248825569 0.587044 0.143042 0.125635 0.786850
2160913388810067 0.593987 0.131835 0.126906 0.783385
2160913528793731 0.566326 0.149453 0.098795 0.804473
2160913668775963 0.549820 0.111719 0.103929 0.821227
2160913808758427 0.545963 0.111224 0.100635 0.824272
2160913968738590 0.542876 0.105792 0.070779 0.830110
2160914108721820 0.547072 0.092419 0.057726 0.829962
2160914248705184 0.564790 0.097697 0.074234 0.816061
2160914388688381 0.572684 0.108144 0.106909 0.805548
2160914528671544 0.559500 0.110229 0.128454 0.811361
2160914668653977 0.565706 0.103423 0.123994 0.808644
2160914808636375 0.572530 0.097878 0.111739 0.806314
2160914948619005 0.561506 0.095740 0.095432 0.816355
2160915088602636 0.563652 0.098086 0.090052 0.815209
2160915228587366 0.577628 0.101466 0.087958 0.805179
2160915368571963 0.580401 0.098089 0.099389 0.802267
2160915508556261 0.553676 0.108452 0.121634 0.816630
2160915648540292 0.551948 0.110125 0.140184 0.814600
2160915788522591 0.563439 0.104773 0.132008 0.808784
2160915928504955 0.565699 0.101441 0.111455 0.810722
2160916068487552 0.550497 0.103923 0.093263 0.823076
2160916208470648 0.550409 0.105044 0.095625 0.822721
2160916348453878 0.569894 0.108072 0.103980 0.807916
2160916488437109 0.567013 0.126381 0.113364 0.806022
2160916628420406 0.557443 0.107856 0.129917 0.812862
2160916768403137 0.553848 0.120979 0.142203 0.811414
2160916908385535 0.573349 0.112823 0.132057 0.800688
2160917048863303 0.557364 0.116974 0.120192 0.813151
2160917188846267 0.544169 0.129017 0.101000 0.822819
2160917328831097 0.550122 0.131058 0.098986 0.818773
2160917468815860 0.560528 0.119012 0.116973 0.811147
2160917608800691 0.546563 0.115745 0.145565 0.816505
2160917748785389 0.542446 0.117019 0.158032 0.816751
2160917928762887 0.548784 0.115638 0.149539 0.814310
2160918068745418 0.535915 0.107306 0.130615 0.827175
2160918208727849 0.535557 0.110829 0.109903 0.829949
2160918348711813 0.536212 0.112376 0.107585 0.829622
2160918488696443 0.548586 0.107230 0.124636 0.819768
2160918628681041 0.535234 0.108360 0.147752 0.824591
2160918768665572 0.528109 0.114193 0.162193 0.825683
2160918908649236 0.549623 0.105957 0.153297 0.814362
2160919048631602 0.544734 0.100190 0.145178 0.819847
2160919188614066 0.532778 0.099584 0.127022 0.830719
2160919328596563 0.533674 0.112035 0.127338 0.828507
2160919468579760 0.555150 0.103439 0.130038 0.814983
2160919608563057 0.537039 0.103022 0.145325 0.824533
2160919748546254 0.531568 0.095596 0.175056 0.823196
2160919888529484 0.530639 0.111757 0.173392 0.822111
2160920028512016 0.538010 0.122844 0.145199 0.821201
2160920168494414 0.530548 0.111856 0.127687 0.830483
2160920308476944 0.525809 0.099873 0.107324 0.837873
2160920448460276 0.542773 0.105882 0.098564 0.827327
2160920588444973 0.549051 0.112462 0.105777 0.821404
2160920728429570 0.535903 0.101417 0.129478 0.828104
2160920868414035 0.542403 0.110719 0.138428 0.821204
2160921008398299 0.555905 0.108171 0.128432 0.814108
2160921148380664 0.539466 0.103971 0.123850 0.826333
2160921288363029 0.543789 0.102233 0.112059 0.825399
2160921428345659 0.538101 0.101736 0.119819 0.828094
2160921568328656 0.544408 0.106483 0.123859 0.822763
2160921708311886 0.537876 0.111129 0.139378 0.823961
2160921848295116 0.522462 0.097185 0.158949 0.832059
2160921988278347 0.532895 0.100889 0.160705 0.824631
2160922128261145 0.543931 0.104572 0.148388 0.819257
2160922268243477 0.534382 0.093942 0.130615 0.829789
2160922408226074 0.528803 0.092877 0.123106 0.834617
2160922548208838 0.545837 0.101748 0.119588 0.823047
2160922688193536 0.547870 0.108785 0.123788 0.820170
2160922828178400 0.546221 0.104936 0.152793 0.816875
2160922968163197 0.536352 0.101551 0.163543 0.821746
2160923108148028 0.546983 0.096271 0.140876 0.819569
2160923248130893 0.538572 0.095810 0.125142 0.827707
2160923388113324 0.520477 0.088393 0.115561 0.841388
2160923528095854 0.543589 0.094571 0.095531 0.828516
2160923668078885 0.558404 0.089201 0.093799 0.819407
2160923808063515 0.538435 0.089364 0.122981 0.828840
2160923948048179 0.533995 0.095755 0.151527 0.826268
2160924088032644 0.539023 0.099414 0.154784 0.821956
2160924228017041 0.553099 0.102894 0.140562 0.814699
2160924367999540 0.542422 0.099848 0.121279 0.825287
2160924507981871 0.540936 0.095974 0.115237 0.827585
2160924647964401 0.558746 0.094702 0.118551 0.815340
2160924787947299 0.555865 0.105205 0.128106 0.814575
2160924927930563 0.542048 0.103423 0.161460 0.818179
2160925067913793 0.534207 0.104247 0.172873 0.820895
2160925207896990 0.544080 0.101180 0.166573 0.816083
2160925347879920 0.538797 0.103961 0.151474 0.822158
2160925487862253 0.527284 0.100766 0.123292 0.834635
2160925627844783 0.542340 0.101036 0.119200 0.825499
2160925767827414 0.552757 0.109625 0.130801 0.815679
2160925907811877 0.550450 0.113109 0.142296 0.814838
2160926047796540 0.546553 0.101902 0.162013 0.815258
2160926187781005 0.557167 0.103941 0.162098 0.807765
2160926327765669 0.568019 0.100353 0.149587 0.803060
2160926467748634 0.561354 0.097504 0.124800 0.812279
2160926607730933 0.546739 0.095115 0.126136 0.822264
2160926747713463 0.560573 0.100509 0.129688 0.811687
2160926887696160 0.568205 0.106435 0.137238 0.804350
2160927027679456 0.562262 0.103235 0.150018 0.806658
2160927167662686 0.559341 0.097484 0.160852 0.807317
2160927307645917 0.564967 0.105871 0.154248 0.803623
2160927447629147 0.558971 0.109302 0.141385 0.809700
2160927587611412 0.537076 0.101013 0.122828 0.828407
2160927727593843 0.549205 0.097851 0.122209 0.820891
2160927867576307 0.558817 0.098751 0.130024 0.813058
2160928007560271 0.542992 0.114888 0.146887 0.818769
2160928147545135 0.532424 0.104954 0.166824 0.823212
2160928287529998 0.544451 0.108771 0.173105 0.813496
2160928427514862 0.566669 0.109334 0.153830 0.802039
2160928567498759 0.545494 0.111387 0.134788 0.819670
2160928707481058 0.534375 0.104690 0.120415 0.830050
2160928847463622 0.559695 0.105743 0.118949 0.813271
2160928987446153 0.563907 0.114527 0.135622 0.806535
2160929127430483 0.556094 0.111222 0.155223 0.808884
2160929267415180 0.560813 0.103294 0.155507 0.806620
2160929407399645 0.571731 0.106517 0.149459 0.799649
2160929547384275 0.570459 0.099879 0.132822 0.804337
2160929687367407 0.548174 0.095939 0.119008 0.822276
2160929827349739 0.563302 0.093494 0.120826 0.812003
2160929967332269 0.570941 0.098385 0.129687 0.804691
2160930107314899 0.556342 0.110325 0.142848 0.811113
2160930247298129 0.551222 0.097299 0.158323 0.813400
2160930387281392 0.563129 0.100781 0.158172 0.804804
2160930527264623 0.576693 0.100567 0.143439 0.797957
2160930667247887 0.564131 0.097160 0.124189 0.810489
2160930807230319 0.569203 0.093995 0.134122 0.805719
2160930947212683 0.576106 0.091634 0.144333 0.799294
2160931087195147 0.567641 0.098338 0.154314 0.802683
2160931227178844 0.548711 0.096463 0.170686 0.812696
2160931367163474 0.555990 0.099013 0.170156 0.807538
2160931507148105 0.565725 0.102373 0.160028 0.802412
2160931647132703 0.550144 0.107777 0.144185 0.815435
2160931787116601 0.545100 0.099229 0.132870 0.821805
2160931927098866 0.563238 0.089968 0.135841 0.810071
2160932067081297 0.565885 0.098220 0.154562 0.803888
2160932207063861 0.541663 0.117405 0.168668 0.815087
2160932347047025 0.540343 0.109483 0.177858 0.815112
2160932487030289 0.547013 0.117685 0.173513 0.810444
2160932627013487 0.554083 0.108455 0.162898 0.809131
2160932766996717 0.545054 0.103186 0.150370 0.818325
2160932906979315 0.549281 0.101577 0.143970 0.816850
2160933046961647 0.563121 0.110821 0.157533 0.803614
2160933186944244 0.562646 0.110728 0.167410 0.801961
2160933326927341 0.553650 0.108863 0.184136 0.804806
2160933466912238 0.562696 0.106947 0.182630 0.799112
2160933606897102 0.571548 0.095882 0.167334 0.797582
2160933746881866 0.549316 0.089889 0.145263 0.817967
2160933886866463 0.542805 0.091553 0.132415 0.824285
2160934026848961 0.556756 0.087861 0.128012 0.816036
2160934166831459 0.547804 0.095800 0.144589 0.818429
2160934306813956 0.538289 0.097213 0.155743 0.822519
2160934446797587 0.549462 0.090312 0.161225 0.814826
2160934586782217 0.559364 0.095501 0.165588 0.806579
2160934726766781 0.555889 0.089964 0.142625 0.813972
2160934866751246 0.545730 0.081418 0.130284 0.823756
2160935006735277 0.557211 0.094683 0.124887 0.815446
2160935146717609 0.580189 0.102347 0.121554 0.798830
2160935286700040 0.561765 0.100431 0.147571 0.807808
2160935426682570 0.552225 0.090629 0.151776 0.814737
2160935566899001 0.570090 0.089922 0.150525 0.802653
2160935707115565 0.575659 0.085077 0.135125 0.801947
2160935847398796 0.557465 0.084542 0.120722 0.817013
2160935987848628 0.561178 0.083330 0.122031 0.814397
2160936128131326 0.565144 0.086058 0.131113 0.809947
2160936268347023 0.554872 0.098645 0.151296 0.812093
2160936408562854 0.539892 0.108099 0.179832 0.815163
2160936548545819 0.550471 0.106567 0.176085 0.809084
2160936688530449 0.573225 0.103243 0.161135 0.796736
2160936828515079 0.557765 0.099098 0.149786 0.810333
2160936968499577 0.545639 0.089784 0.132059 0.822664
2160937108484108 0.556761 0.074776 0.120729 0.818443
2160937248466640 0.559599 0.085841 0.135195 0.813143
2160937388448972 0.541319 0.089619 0.151179 0.822244
2160937528431469 0.549796 0.099409 0.153477 0.815037
2160937668414299 0.553623 0.094248 0.156268 0.812525
2160937808441611 0.553648 0.099837 0.140977 0.814635
2160937948425042 0.534318 0.097137 0.127620 0.829928
2160938088408239 0.549779 0.091416 0.122637 0.821185
2160938228391237 0.567858 0.094719 0.143641 0.804942
2160938368373536 0.549189 0.104558 0.160356 0.813476
2160938508355867 0.540928 0.104190 0.178196 0.815344
2160938648338464 0.549637 0.107608 0.186843 0.807098
2160938788322962 0.560774 0.111081 0.167724 0.803156
2160938928307892 0.551128 0.098184 0.146065 0.815648
2160939068292657 0.556766 0.097182 0.137519 0.813421
2160939208277555 0.569704 0.093997 0.147646 0.802995
2160939348260819 0.561712 0.106241 0.159981 0.804734
2160939488243218 0.543016 0.100621 0.175039 0.815088
2160939628225782 0.548912 0.104406 0.173314 0.811021
2160939768208513 0.556331 0.095614 0.156545 0.810460
2160939908193111 0.547925 0.088564 0.147185 0.818700
2160940048177741 0.550599 0.089837 0.137342 0.818478
2160940188162173 0.566328 0.076420 0.145007 0.807715
2160940328146770 0.564208 0.091567 0.165011 0.803775
2160940468129502 0.546101 0.094170 0.186025 0.811357
2160940608111834 0.554639 0.099475 0.196077 0.802517
2160940748094364 0.564971 0.106572 0.192736 0.795174
2160940888077195 0.568213 0.105569 0.173116 0.797508
2160941028060425 0.553887 0.108109 0.164014 0.809086
2160941168043655 0.563673 0.109200 0.152726 0.804376
2160941308026852 0.568767 0.114956 0.164280 0.797684
2160941448009917 0.539660 0.115695 0.178477 0.814571
2160941587992216 0.538492 0.119498 0.188958 0.812429
2160941727974713 0.546853 0.113363 0.191914 0.807012
2160941867957143 0.531817 0.114193 0.178529 0.819913
2160942007941374 0.525947 0.104608 0.155186 0.829670
2160942147926004 0.539719 0.084352 0.134888 0.826675
2160942287910569 0.554203 0.077972 0.136255 0.817443
2160942427895200 0.532330 0.091682 0.166009 0.825021
2160942567878531 0.509151 0.096667 0.189789 0.833906
2160942707860830 0.517051 0.077974 0.195281 0.829724
2160942847843361 0.535366 0.080609 0.166146 0.824184
2160942987825958 0.517914 0.082705 0.151238 0.837885
2160943127809221 0.519196 0.065625 0.132332 0.841793
2160943267792518 0.539730 0.069722 0.131571 0.828564
2160943427773281 0.527933 0.092144 0.154800 0.829959
2160943567756478 0.515231 0.100136 0.177812 0.832400
2160943707738777 0.528271 0.095754 0.189431 0.822116
2160943847721275 0.541932 0.090131 0.172667 0.817540
2160943987703839 0.529070 0.088057 0.145325 0.831390
2160944127687837 0.537360 0.090488 0.124347 0.829212
2160944267672767 0.549769 0.082111 0.118662 0.822757
2160944407657565 0.545245 0.087713 0.137764 0.822213
2160944547642362 0.526091 0.099290 0.166564 0.828025
2160944687626226 0.527959 0.099214 0.170653 0.826010
2160944827608558 0.535949 0.092896 0.167197 0.822297
2160944967591088 0.533103 0.093900 0.155887 0.826246
2160945107573519 0.526566 0.087158 0.142123 0.833625
2160945247557849 0.529650 0.079878 0.129938 0.834389
2160945387542512 0.534573 0.073552 0.129468 0.831901
2160945527527011 0.527779 0.086075 0.145919 0.832314
2160945667511608 0.524774 0.082010 0.156409 0.832719
2160945807494906 0.537315 0.075213 0.158765 0.824881
2160945947477171 0.540602 0.069437 0.147120 0.825398
2160946087459635 0.525236 0.072479 0.129676 0.837888
2160946227442233 0.522880 0.066578 0.121588 0.841058
2160946367425463 0.535347 0.065580 0.128878 0.832161
2160946507408727 0.537278 0.072520 0.137959 0.828878
2160946647391924 0.528636 0.083083 0.151020 0.831164
2160946787375221 0.529688 0.077106 0.166718 0.828064
2160946927357552 0.545272 0.087113 0.167622 0.816695
2160947067339983 0.537758 0.091639 0.150217 0.824531
2160947207322480 0.532013 0.095082 0.141316 0.829428
2160947347306177 0.539724 0.092171 0.132478 0.826227
2160947487290841 0.548267 0.089486 0.142371 0.819222
2160947627275472 0.537196 0.099327 0.153214 0.823455
2160947767260037 0.524868 0.094221 0.169727 0.828751
2160947907244002 0.535934 0.096294 0.170925 0.821149
2160948047226301 0.556110 0.099884 0.155599 0.810279
2160948187208766 0.536135 0.099043 0.146289 0.825438
2160948327191263 0.532552 0.088279 0.134452 0.830973
2160948467174494 0.541576 0.074940 0.134597 0.826415
2160948607157691 0.530811 0.095597 0.154686 0.827751
2160948747140888 0.512496 0.098813 0.184713 0.832745
2160948887124085 0.522867 0.098250 0.193965 0.824217
2160949027106683 0.538747 0.091641 0.190082 0.815611
2160949167089082 0.522079 0.091472 0.173660 0.830004
2160949307071612 0.521771 0.083900 0.145033 0.836469
2160949447054676 0.543858 0.076507 0.123732 0.826471
2160949587039474 0.548946 0.081674 0.134954 0.820837
2160949727024338 0.527157 0.082033 0.165194 0.829509
2160949867009102 0.521606 0.083978 0.176282 0.830541
2160950006993798 0.529772 0.091013 0.179130 0.823996
2160950146976464 0.528941 0.091254 0.160154 0.828398
2160950286958862 0.522768 0.083349 0.134721 0.837625
2160950426941359 0.537482 0.074551 0.121825 0.831091
2160950566924823 0.554957 0.073564 0.125972 0.818987
2160950706909520 0.536702 0.080540 0.149072 0.826584
2160950846894216 0.522481 0.084186 0.167417 0.831803
2160950986878714 0.544198 0.088699 0.167455 0.817275
2160951126862845 0.550700 0.102837 0.160245 0.812696
2160951266845211 0.531676 0.096772 0.142090 0.829316
2160951406827609 0.530455 0.089509 0.140025 0.831262
2160951546810040 0.546904 0.093395 0.145355 0.819173
2160951686793170 0.527988 0.097864 0.169679 0.826353
2160951826776367 0.531804 0.104586 0.193743 0.817746
2160951966759531 0.548581 0.113970 0.205420 0.802416
2160952106742761 0.552135 0.109329 0.184925 0.805602
2160952246725492 0.517431 0.117374 0.168533 0.830713
2160952386707857 0.522965 0.102161 0.152181 0.832412
2160952526690421 0.534877 0.100608 0.145670 0.826174
2160952666673319 0.523436 0.111887 0.156159 0.830126
2160952806657882 0.503347 0.119350 0.185383 0.835482
2160952946642512 0.510087 0.120712 0.204928 0.826585
2160953086627011 0.531704 0.110039 0.203018 0.814840
2160953226611608 0.509675 0.111296 0.173916 0.835222
2160953366594207 0.513557 0.090466 0.153103 0.839424
2160953506576605 0.527966 0.073924 0.134136 0.835340
2160953646559135 0.535341 0.085542 0.148059 0.827146
2160953786541999 0.510626 0.098364 0.167470 0.837578
2160953926525229 0.501020 0.099105 0.187116 0.839132
2160954066508526 0.511817 0.101728 0.196320 0.830152
2160954206491690 0.508927 0.086892 0.166297 0.840111
2160954346474687 0.512096 0.083387 0.139891 0.843347
2160954486457053 0.529655 0.071452 0.119982 0.836638
2160954626439484 0.546687 0.079343 0.129827 0.823397
2160954766421981 0.533885 0.090063 0.154204 0.826484
2160954906406478 0.511889 0.091696 0.179042 0.835167
2160955046391408 0.515480 0.084691 0.184107 0.832593
2160955186376172 0.529323 0.087400 0.169313 0.826747
2160955326361070 0.504061 0.098925 0.150546 0.844672
2160955466344434 0.507717 0.094241 0.140390 0.844767
2160955606326766 0.521395 0.090965 0.160794 0.833076
2160955746309329 0.508011 0.098898 0.177655 0.837007
2160955886292093 0.484478 0.110141 0.202022 0.844000
2160956026276657 0.508573 0.106796 0.215971 0.826622
2160956166261287 0.498232 0.115919 0.224751 0.829345
2160956306245719 0.484511 0.104348 0.189406 0.847635
2160956446230250 0.479242 0.101076 0.164755 0.856134
2160956586212982 0.492632 0.095970 0.156903 0.850579
2160956726195314 0.513412 0.102072 0.164610 0.835997
2160956866177844 0.505716 0.103348 0.186336 0.835971
2160957006160674 0.517132 0.100389 0.193839 0.827600
2160957146143904 0.533530 0.088319 0.194457 0.818371
2160957286127134 0.530414 0.086257 0.182683 0.823314
2160957426110331 0.521271 0.087154 0.164082 0.832921
2160957566093495 0.529753 0.085218 0.162129 0.828138
2160957706075794 0.542487 0.084929 0.169310 0.818430
2160957846058258 0.538430 0.096152 0.180737 0.817423
2160957986040756 0.535443 0.080542 0.176122 0.822067
2160958126024953 0.542921 0.069255 0.141733 0.824834
2160958266009583 0.554583 0.036865 0.077486 0.827691
2160958406099211 0.542652 -0.002225 -0.016478 0.839792
2160958546083809 0.531305 -0.063116 -0.121048 0.836109
2160958686067207 0.532291 -0.130122 -0.206084 0.810717
2160958826049506 0.527109 -0.153373 -0.246675 0.798613
2160958966031970 0.510865 -0.172839 -0.282383 0.793348
2160959106014567 0.487320 -0.211135 -0.322709 0.783453
2160959245997797 0.478919 -0.246763 -0.356792 0.763179
2160959385981094 0.471237 -0.278732 -0.385601 0.742667
2160959525964291 0.456753 -0.289919 -0.429025 0.723366
2160959665947455 0.435076 -0.298175 -0.463708 0.711880
2160959805929921 0.436757 -0.315398 -0.475453 0.695492
2160959945912286 0.441148 -0.314431 -0.459147 0.704063
2160960085894816 0.427437 -0.301893 -0.458797 0.718096
2160960225878348 0.430960 -0.293894 -0.452245 0.723445
2160960385861211 0.437116 -0.325951 -0.445522 0.710066
2160960525846042 0.430693 -0.315653 -0.456258 0.711824
2160960665830873 0.418527 -0.313141 -0.480722 0.704047
2160960805814904 0.426526 -0.322520 -0.490815 0.687863
2160960945797170 0.443861 -0.335743 -0.473598 0.682618
2160961085779633 0.443478 -0.317508 -0.461450 0.699698
2160961225762064 0.428575 -0.316881 -0.458853 0.710887
2160961365746362 0.426379 -0.320491 -0.455753 0.712583
2160961505730959 0.442834 -0.338460 -0.454756 0.694650
2160961645715457 0.439637 -0.336087 -0.471950 0.686313
2160961785700021 0.434304 -0.330620 -0.480208 0.686636
2160961925683419 0.448111 -0.344329 -0.471102 0.677271
2160962065665718 0.450886 -0.341947 -0.453796 0.688361
2160962205648215 0.444444 -0.319705 -0.444701 0.708871
2160962345630812 0.442255 -0.321190 -0.435409 0.715307
2160962485614110 0.448117 -0.330276 -0.440511 0.704313
2160962625597340 0.442559 -0.332289 -0.456880 0.696408
2160962765580537 0.436298 -0.328586 -0.470767 0.692857
2160962905563834 0.447598 -0.333488 -0.470947 0.683117
2160963045546232 0.463728 -0.336024 -0.453934 0.682632
2160963185528630 0.463148 -0.312288 -0.448661 0.697618
2160963325511194 0.454493 -0.310633 -0.441519 0.708522
2160963465494792 0.465822 -0.313292 -0.435606 0.703635
2160963605479422 0.471138 -0.325843 -0.440072 0.691513
2160963745464086 0.454762 -0.317493 -0.458531 0.694361
2160963885448551 0.456682 -0.314091 -0.463559 0.691303
2160964025432548 0.464688 -0.319588 -0.453485 0.690129
2160964165414847 0.472552 -0.320968 -0.435388 0.695780
2160964305397245 0.458754 -0.309366 -0.427706 0.714775
2160964445379775 0.456885 -0.310675 -0.431822 0.712927
2160964585362872 0.460487 -0.317431 -0.438765 0.703330
2160964725346169 0.452920 -0.311162 -0.452697 0.702214
2160964865329366 0.444623 -0.309625 -0.474946 0.693446
2160965005312629 0.456947 -0.315125 -0.479176 0.679914
2160965145295327 0.463436 -0.330707 -0.459739 0.681541
2160965285277726 0.456237 -0.319682 -0.452416 0.696397
2160965425260289 0.446893 -0.312805 -0.439191 0.713827
2160965565243287 0.453954 -0.319114 -0.432948 0.710385
2160965705228150 0.462285 -0.332231 -0.436617 0.696620
2160965845213048 0.446561 -0.325975 -0.461779 0.693600
2160965985197812 0.441380 -0.316644 -0.476462 0.691305
2160966125182510 0.449242 -0.328540 -0.477250 0.680055
2160966265165175 0.463371 -0.334197 -0.459687 0.679916
2160966405147639 0.452406 -0.318520 -0.454238 0.698241
2160966545130070 0.448044 -0.321075 -0.456275 0.698555
2160966685113367 0.459628 -0.322764 -0.452223 0.692862
2160966825097997 0.465485 -0.331755 -0.462945 0.677453
2160966965082561 0.454054 -0.324646 -0.484959 0.673241
2160967105067025 0.455299 -0.331961 -0.490358 0.664870
2160967245051323 0.457855 -0.335472 -0.481743 0.667644
2160967385033688 0.465159 -0.327855 -0.480607 0.667198
2160967525016086 0.441272 -0.341992 -0.508110 0.655852
2160967664998583 0.433043 -0.367265 -0.545738 0.616245
2160967804981580 0.405967 -0.405137 -0.591127 0.567117
2160967944964810 0.354560 -0.464348 -0.649802 0.486234
2160968084948007 0.288549 -0.473359 -0.725099 0.408535
2160968224931304 0.240192 -0.490639 -0.764950 0.341220
2160968364914135 0.210332 -0.512787 -0.775971 0.301126
2160968504896500 0.188626 -0.499430 -0.793491 0.292163
2160968644879097 0.168726 -0.500835 -0.803412 0.274270
2160968784861961 0.165253 -0.515736 -0.800180 0.257719
2160968924846492 0.144303 -0.533314 -0.799796 0.234686
2160969064831190 0.130337 -0.536266 -0.807481 0.208335
2160969204815622 0.111454 -0.521778 -0.827872 0.173064
2160969344800219 0.100371 -0.534193 -0.823974 0.160087
2160969484782884 0.105848 -0.540241 -0.816536 0.173790
2160969624765216 0.108791 -0.526233 -0.820948 0.193097
2160969764747746 0.106536 -0.522326 -0.822287 0.199171
2160969904730543 0.101164 -0.537885 -0.813044 0.198502
2160970044713773 0.098548 -0.534013 -0.817293 0.192741
2160970184696970 0.100077 -0.520672 -0.831327 0.166671
2160970324680167 0.100302 -0.529442 -0.828813 0.150663
2160970464663264 0.097014 -0.553331 -0.812210 0.157245
2160970604645630 0.096584 -0.547459 -0.813978 0.168519
2160970744628094 0.096201 -0.530788 -0.821792 0.183482
2160970884610591 0.098849 -0.542805 -0.812905 0.186484
2160971024594922 0.093357 -0.563664 -0.800205 0.182311
2160971164579753 0.091007 -0.552500 -0.811837 0.165472
2160971304564516 0.092654 -0.543570 -0.819933 0.153802
2160971444549380 0.096273 -0.554259 -0.812236 0.154273
2160971584532977 0.093326 -0.560502 -0.805360 0.168883
2160971724515309 0.096263 -0.545049 -0.812713 0.182073
2160971864497873 0.099642 -0.548538 -0.808394 0.188879
2160972004480471 0.093433 -0.561285 -0.803183 0.176423
2160972144465001 0.093333 -0.552850 -0.811820 0.163074
2160972284449631 0.091167 -0.535665 -0.825320 0.153611
2160972424434029 0.091923 -0.548572 -0.818418 0.144256
2160972564418726 0.093960 -0.571203 -0.800821 0.153567
2160972704401625 0.100074 -0.544203 -0.813915 0.177116
2160972844383924 0.094166 -0.533337 -0.819444 0.187600
2160972984366454 0.096950 -0.540762 -0.812766 0.193873
2160973124349219 0.072423 -0.564312 -0.804784 0.169198
2160973264332449 0.087566 -0.547502 -0.817800 0.154196
2160973404315713 0.089141 -0.541330 -0.823922 0.142006
2160973544298910 0.094892 -0.556513 -0.813128 0.141810
2160973684282073 0.104840 -0.541041 -0.815961 0.174612
2160973824264372 0.114290 -0.526849 -0.822831 0.179766
2160973964246870 0.114558 -0.540558 -0.811226 0.191268
2160974104229401 0.108439 -0.558032 -0.800496 0.189860
2160974244213431 0.100902 -0.550421 -0.811454 0.168512
2160974384198061 0.090298 -0.545411 -0.819725 0.149739
2160974524182592 0.079755 -0.554089 -0.817399 0.135950
2160974664167123 0.081288 -0.561791 -0.807264 0.161572
2160974804150688 0.091439 -0.547008 -0.813689 0.174157
2160974944133054 0.090040 -0.540083 -0.814829 0.190410
2160975084115518 0.090210 -0.554470 -0.802020 0.202945
2160975224098049 0.074303 -0.573647 -0.794622 0.184346
2160975364081279 0.080919 -0.546478 -0.817163 0.164488
2160975504064576 0.089261 -0.549310 -0.817178 0.150028
2160975644047774 0.103908 -0.561761 -0.803890 0.165489
2160975784031004 0.096547 -0.541178 -0.810697 0.201428
2160975924013569 0.110674 -0.520472 -0.822129 0.202393
2160976063995967 0.118630 -0.533276 -0.811158 0.208720
2160976203978464 0.110280 -0.551504 -0.800159 0.208390
2160976343961861 0.104034 -0.538718 -0.815821 0.182741
2160976483946791 0.098986 -0.532939 -0.824909 0.160314
2160976623931622 0.085932 -0.554819 -0.816404 0.135184
2160976763916385 0.102858 -0.560905 -0.808072 0.147728
2160976903900749 0.107224 -0.539801 -0.816806 0.173043
2160977043883248 0.105895 -0.526245 -0.823094 0.185383
2160977183865712 0.101234 -0.537516 -0.816732 0.183781
2160977323848176 0.087004 -0.539511 -0.822060 0.159917
2160977463832040 0.086622 -0.528543 -0.833598 0.135099
2160977603816736 0.084347 -0.535219 -0.831286 0.124046
2160977743801234 0.085025 -0.545411 -0.825862 0.115099
2160977883785765 0.081981 -0.535722 -0.828701 0.139765
2160978023769563 0.089891 -0.520108 -0.833856 0.161523
2160978163751796 0.090678 -0.537461 -0.822281 0.163602
2160978303734260 0.083692 -0.560919 -0.807801 0.160692
2160978443716824 0.072568 -0.541747 -0.824289 0.147613
2160978583700020 0.073299 -0.530031 -0.833027 0.140570
2160978723683250 0.079959 -0.542016 -0.825332 0.136568
2160978863666414 0.081998 -0.560325 -0.810401 0.150202
2160979003649745 0.090579 -0.543875 -0.817120 0.168251
2160979143702296 0.088264 -0.538787 -0.819174 0.175700
2160979283684728 0.082670 -0.539176 -0.821408 0.166563
2160979423667325 0.067074 -0.541346 -0.824703 0.149359
2160979563650489 0.068759 -0.537110 -0.829791 0.135025
2160979703635153 0.070366 -0.550773 -0.822860 0.120818
2160979843619850 0.069301 -0.558317 -0.817864 0.120732
2160979983604282 0.073728 -0.554869 -0.815992 0.144361
2160980123588546 0.080322 -0.538615 -0.820993 0.171498
2160980263570978 0.079638 -0.543923 -0.816311 0.177317
2160980403553343 0.078941 -0.555864 -0.806885 0.183627
2160980543535873 0.079233 -0.545345 -0.817552 0.167117
2160980683518836 0.085518 -0.541386 -0.820234 0.163714
2160980823502133 0.083410 -0.554519 -0.812023 0.161767
2160980963485396 0.084548 -0.570631 -0.797500 0.176704
2160981103468593 0.096650 -0.555594 -0.802748 0.193826
2160981243451457 0.090800 -0.543541 -0.807854 0.209018
2160981383433756 0.100066 -0.552242 -0.800501 0.210268
2160981523416220 0.093673 -0.570001 -0.792893 0.194019
2160981663398951 0.098739 -0.552250 -0.807588 0.181854
2160981803383648 0.091913 -0.548812 -0.812413 0.174183
2160981943368546 0.093867 -0.556908 -0.807142 0.171938
2160982083353344 0.094762 -0.561552 -0.799864 0.189460
2160982223338208 0.104082 -0.543768 -0.805768 0.210285
2160982363321206 0.099892 -0.546312 -0.802914 0.216546
2160982503303538 0.101173 -0.554523 -0.798211 0.212426
2160982643286035 0.091104 -0.555343 -0.805084 0.187436
2160982783269033 0.083290 -0.541088 -0.820450 0.164762
2160982923253663 0.073804 -0.549812 -0.818498 0.149397
2160983063238326 0.078241 -0.563665 -0.806381 0.160960
2160983203222758 0.087067 -0.541163 -0.817794 0.175420
2160983343207289 0.092793 -0.528523 -0.821117 0.194470
2160983483189821 0.097540 -0.541573 -0.808824 0.207333
2160983623172219 0.093551 -0.566461 -0.794363 0.198380
2160983763154716 0.092996 -0.552354 -0.809659 0.175233
2160983903137579 0.089308 -0.554243 -0.811386 0.162758
2160984063118442 0.088547 -0.568132 -0.801445 0.164531
2160984203101606 0.094858 -0.555619 -0.804592 0.186871
2160984343084903 0.111501 -0.537261 -0.809267 0.209769
2160984483067801 0.109940 -0.545875 -0.801614 0.217596
2160984623050067 0.109551 -0.556872 -0.793853 0.218374
2160984763032664 0.097302 -0.559421 -0.798778 0.198829
2160984903015395 0.097442 -0.548701 -0.810579 0.179977
2160985042999892 0.089248 -0.560504 -0.805384 0.170950
2160985182984656 0.086478 -0.563175 -0.799673 0.189413
2160985322969121 0.092619 -0.552615 -0.802792 0.203868
2160985462953685 0.085871 -0.548622 -0.805428 0.207183
2160985602936450 0.081925 -0.558618 -0.797526 0.212570
2160985742918682 0.081288 -0.570170 -0.791611 0.204082
2160985882901212 0.083998 -0.565657 -0.799168 0.185219
2160986022883975 0.085055 -0.556045 -0.807203 0.178889
2160986162867239 0.085622 -0.567537 -0.800508 0.172501
2160986302850469 0.092194 -0.574194 -0.793011 0.181475
2160986442833700 0.090541 -0.564312 -0.797790 0.192052
2160986582816831 0.087981 -0.555807 -0.801402 0.202710
2160986722799197 0.092405 -0.564437 -0.794832 0.202764
2160986862781628 0.093313 -0.566952 -0.796420 0.188607
2160987002764125 0.098214 -0.551352 -0.809070 0.178239
2160987142748421 0.089875 -0.552818 -0.811485 0.166749
2160987282733285 0.087010 -0.559855 -0.805730 0.172596
2160987422718083 0.091957 -0.553480 -0.805404 0.191119
2160987562702980 0.090203 -0.539851 -0.811227 0.205752
2160987702686644 0.089457 -0.546799 -0.806309 0.207057
2160987842668943 0.090643 -0.557301 -0.799266 0.205842
2160987982651507 0.086103 -0.548537 -0.810005 0.188638
2160988122634005 0.084991 -0.534135 -0.823643 0.170548
2160988262618436 0.088427 -0.548377 -0.815682 0.161633
2160988402603066 0.094695 -0.563023 -0.802246 0.174465
2160988542587530 0.100052 -0.555880 -0.804635 0.183162
2160988682572228 0.091436 -0.545192 -0.810893 0.191979
2160988822555226 0.090057 -0.554750 -0.806147 0.185114
2160988962537525 0.085557 -0.571892 -0.797313 0.172948
2160989102520022 0.080972 -0.553910 -0.811822 0.166042
2160989242502685 0.068329 -0.549093 -0.819240 0.150573
2160989382485915 0.062329 -0.556326 -0.815536 0.146683
2160989522469212 0.055930 -0.553952 -0.814329 0.163937
2160989662452476 0.067237 -0.542611 -0.818459 0.176565
2160989802435673 0.066852 -0.548511 -0.813847 0.179772
2160989942417972 0.059499 -0.559390 -0.807233 0.178650
2160990082400470 0.062556 -0.550550 -0.814875 0.170172
2160990222382934 0.066306 -0.545223 -0.820791 0.156959
2160990362366865 0.065566 -0.551958 -0.816659 0.155277
2160990502351562 0.066072 -0.564027 -0.804942 0.171972
2160990642336193 0.068674 -0.557942 -0.803785 0.194710
2160990782320724 0.070222 -0.550300 -0.809493 0.192243
2160990922304388 0.068694 -0.560460 -0.807744 0.169450
2160991062286754 0.047858 -0.576866 -0.805069 0.129601
2160991202269119 0.018157 -0.571045 -0.819372 0.046967
2160991342251616 0.015135 0.553459 0.831813 0.039246
2160991482234846 0.048581 0.554046 0.823817 0.109528
2160991622218076 0.069026 0.559303 0.812245 0.150574
2160991762201273 0.115014 0.538956 0.807668 0.209687
2160991902184503 0.167871 0.513851 0.794236 0.277423
2160992042167135 0.220921 0.500667 0.772457 0.322235
2160992182149500 0.264699 0.494103 0.742392 0.366945
2160992322132030 0.294682 0.469126 0.720276 0.417474
2160992462115295 0.305545 0.448290 0.706196 0.454933
2160992602100126 0.330221 0.450935 0.691696 0.457348
2160992742084990 0.327337 0.452805 0.696579 0.450104
2160992882069754 0.318269 0.445259 0.710827 0.441784
2160993022054318 0.322902 0.450816 0.704415 0.443053
2160993162036783 0.342706 0.451802 0.698382 0.436679
2160993302019247 0.340749 0.443743 0.695054 0.451530
2160993442001711 0.324686 0.435257 0.695273 0.470876
2160993581985408 0.331088 0.442658 0.677078 0.485796
2160993721970071 0.344464 0.452446 0.675022 0.470085
2160993881952335 0.325292 0.457072 0.689967 0.457399
2160994021936999 0.324885 0.448660 0.701182 0.448884
2160994161920663 0.324051 0.454505 0.698649 0.447553
2160994301902929 0.344231 0.460379 0.685097 0.447434
2160994441885393 0.326355 0.450760 0.688127 0.465603
2160994581867924 0.317868 0.439938 0.687696 0.482169
2160994721851121 0.333199 0.451856 0.678691 0.473477
2160994861834418 0.339510 0.469031 0.680627 0.448875
2160995001817682 0.326462 0.469655 0.693844 0.437522
2160995141800912 0.319664 0.466531 0.702087 0.432708
2160995281783410 0.335158 0.469416 0.695495 0.428490
2160995421765908 0.330713 0.456290 0.697088 0.443278
2160995561748472 0.328066 0.461869 0.690035 0.450445
2160995701731769 0.333778 0.473026 0.679792 0.450244
2160995841716399 0.341927 0.477894 0.681658 0.435939
2160995981700996 0.320458 0.475227 0.700009 0.425972
2160996121685427 0.316760 0.467855 0.712563 0.415965
2160996261669658 0.326259 0.475676 0.704844 0.412893
2160996401652090 0.341021 0.478847 0.692723 0.417785
2160996541634455 0.336688 0.467920 0.693939 0.431438
2160996681616986 0.325191 0.458488 0.697240 0.444853
2160996821600017 0.334843 0.474241 0.683607 0.442329
2160996961583247 0.341212 0.489192 0.679277 0.427605
2160997101566511 0.321693 0.490620 0.695526 0.414786
2160997241549675 0.321027 0.479455 0.707407 0.408213
2160997381532506 0.314899 0.486397 0.706088 0.407056
2160997521514838 0.318745 0.478577 0.702193 0.419868
2160997661497368 0.316561 0.473038 0.697379 0.435528
2160997801480166 0.319305 0.473085 0.690357 0.444567
2160997941464930 0.322011 0.477285 0.688583 0.440862
2160998081449794 0.315537 0.472938 0.700333 0.431623
2160998221434524 0.310768 0.466375 0.710178 0.426102
2160998361419421 0.315670 0.469933 0.707975 0.422239
2160998501402220 0.325720 0.476479 0.697919 0.424006
2160998641384618 0.315799 0.465250 0.698318 0.442905
2160998781367148 0.311195 0.462273 0.692106 0.458746
2160998921350246 0.321843 0.467671 0.683470 0.458876
2160999061334876 0.323719 0.477710 0.685954 0.443242
2160999201319473 0.315009 0.470045 0.698602 0.437928
2160999341303938 0.315095 0.457726 0.709108 0.434012
2160999481288335 0.320081 0.466992 0.700224 0.434915
2160999621270834 0.332136 0.475238 0.688747 0.435271
2160999761335998 0.329627 0.459092 0.689466 0.453006
2160999901318562 0.321485 0.458430 0.680835 0.472178
2161000041301493 0.337639 0.465501 0.669204 0.470608
2161000181284723 0.342287 0.466932 0.672968 0.460355
2161000321267921 0.344292 0.456142 0.673978 0.468134
2161000461251152 0.359132 0.445580 0.664187 0.480975
2161000601234049 0.379626 0.435858 0.635278 0.512183
2161000741216381 0.407922 0.409958 0.586391 0.567166
2161000881198911 0.427655 0.366766 0.533440 0.630899
2161001021181542 0.441651 0.342492 0.473675 0.680642
2161001161165972 0.470961 0.328359 0.417426 0.704365
2161001301150669 0.491184 0.312610 0.391536 0.712539
2161001441135134 0.499102 0.271428 0.369897 0.735118
2161001581119731 0.513755 0.234181 0.327095 0.757775
2161001721102697 0.531558 0.208106 0.289807 0.768211
2161001861084996 0.541978 0.185366 0.253466 0.779521
2161002001067526 0.534426 0.165388 0.230326 0.796231
2161002141050324 0.544420 0.148916 0.201930 0.800409
2161002281033621 0.556315 0.141892 0.198049 0.794453
2161002421016851 0.552956 0.139692 0.208560 0.794498
2161002561000015 0.546635 0.124364 0.217252 0.799077
2161002700983145 0.554847 0.119275 0.217953 0.793985
2161002840965444 0.571998 0.116822 0.200079 0.786854
2161002980947875 0.560245 0.108574 0.186839 0.799642
2161003120930372 0.551096 0.106557 0.176031 0.808672
2161003260914469 0.558333 0.111369 0.168380 0.804678
2161003400899333 0.568306 0.115128 0.178488 0.794930
2161003540884130 0.555130 0.119677 0.193300 0.800089
2161003680868961 0.546747 0.113177 0.200687 0.804973
2161003820852791 0.557285 0.115335 0.197624 0.798169
2161003960835090 0.574429 0.108615 0.181592 0.790731
2161004100817620 0.563634 0.108205 0.164687 0.802175
2161004240800218 0.557649 0.102050 0.160624 0.807968
2161004380784615 0.564256 0.105008 0.159203 0.803269
2161004520769245 0.568355 0.113773 0.168345 0.797299
2161004660753710 0.552991 0.107393 0.185093 0.805237
2161004800738374 0.556166 0.100209 0.185607 0.803857
2161004940721439 0.568492 0.098095 0.173091 0.798268
2161005080703738 0.568447 0.085937 0.152803 0.803824
2161005220686402 0.557384 0.085490 0.141807 0.813575
2161005360669032 0.567228 0.088463 0.140335 0.806679
2161005500652262 0.574823 0.088181 0.152972 0.799000
2161005640635559 0.567789 0.093062 0.167108 0.800643
2161005780618724 0.563300 0.092557 0.189262 0.798940
2161005920601921 0.571389 0.096373 0.186085 0.793472
2161006060584287 0.588006 0.096672 0.174548 0.783859
2161006200566718 0.569128 0.096179 0.165365 0.799685
2161006340549215 0.558971 0.095703 0.161897 0.807577
2161006480533079 0.575133 0.098887 0.165179 0.795084
2161006620517776 0.586089 0.099666 0.168893 0.786155
2161006760502373 0.571381 0.109162 0.188267 0.791303
2161006900486871 0.568611 0.102382 0.193568 0.792925
2161007040470602 0.582521 0.105260 0.187228 0.783922
2161007180452934 0.574912 0.104572 0.170673 0.793354
2161007320435332 0.568119 0.106651 0.162009 0.799761
2161007460417862 0.567127 0.102231 0.154740 0.802477
2161007600401092 0.573507 0.109093 0.156397 0.796698
2161007740384289 0.558610 0.110884 0.184626 0.800981
2161007880367486 0.554093 0.106384 0.198944 0.801301
2161008020350716 0.569800 0.111101 0.196436 0.790187
2161008160333381 0.589512 0.110213 0.191580 0.776932
2161008300315746 0.576958 0.109224 0.169217 0.791551
2161008440298276 0.572429 0.107231 0.163062 0.796389
2161008580281507 0.582096 0.109450 0.166524 0.788323
2161008720266371 0.589405 0.109697 0.167036 0.782730
2161008860251201 0.583187 0.111111 0.175341 0.785367
2161009000236032 0.575510 0.101771 0.185104 0.790042
2161009140220629 0.581787 0.107956 0.174470 0.787037
2161009280203161 0.586232 0.109686 0.167162 0.785083
2161009420185592 0.570612 0.116296 0.164426 0.796140
2161009560168055 0.574554 0.118533 0.160292 0.793815
2161009700151653 0.582370 0.117751 0.162622 0.787738
2161009840136283 0.575441 0.112706 0.171398 0.791698
2161009980120847 0.574161 0.110489 0.184498 0.789994
2161010120105379 0.583649 0.108860 0.183369 0.783503
2161010260089376 0.594272 0.104719 0.172692 0.778492
2161010400071675 0.578555 0.101828 0.160885 0.793108
2161010540054106 0.575951 0.103910 0.147459 0.797331
2161010680036603 0.587366 0.104087 0.145640 0.789275
2161010820019699 0.596078 0.099933 0.143689 0.783617
2161010960002996 0.590882 0.097309 0.145079 0.787617
2161011099986260 0.586810 0.081868 0.132238 0.794646
2161011239969490 0.593056 0.069417 0.100750 0.795810
2161011379952188 0.607039 0.042450 0.055085 0.791622
2161011519934587 0.593564 0.007135 -0.007928 0.804715
2161011659917150 0.584818 -0.030980 -0.084699 0.806135
2161011799900115 0.577973 -0.076210 -0.150870 0.798358
2161011939884812 0.576597 -0.110986 -0.190234 0.786783
2161012079869442 0.561450 -0.137686 -0.220759 0.785544
2161012219853874 0.545773 -0.178545 -0.267705 0.773683
2161012359838305 0.534313 -0.209233 -0.303548 0.760650
2161012499820870 0.527953 -0.242131 -0.337568 0.740732
2161012639803235 0.502008 -0.265032 -0.380612 0.729985
2161012779785765 0.487398 -0.275279 -0.412390 0.718747
2161012919768595 0.481708 -0.294798 -0.432926 0.702584
2161013059751825 0.491056 -0.301349 -0.432916 0.693279
2161013199735055 0.482572 -0.293403 -0.421838 0.709288
2161013339718219 0.471296 -0.298023 -0.422477 0.714544
2161013479701317 0.481568 -0.312296 -0.420328 0.702771
2161013619683649 0.483254 -0.336052 -0.426950 0.686474
2161013759666146 0.467168 -0.329510 -0.446791 0.688152
2161013899648743 0.466873 -0.323611 -0.453402 0.686826
2161014039633274 0.477633 -0.332597 -0.444762 0.680757
2161014179618138 0.484444 -0.334018 -0.429188 0.685231
2161014319602902 0.482196 -0.321932 -0.417138 0.699886
2161014459587866 0.485932 -0.332530 -0.409497 0.696853
2161014599571064 0.496793 -0.345772 -0.411330 0.681501
2161014739553363 0.489609 -0.343683 -0.431224 0.675433
2161014879535893 0.479907 -0.336206 -0.440801 0.679961
2161015019518691 0.485568 -0.340902 -0.444297 0.671273
2161015159503254 0.497007 -0.345508 -0.428385 0.670889
2161015299487918 0.493573 -0.334886 -0.417175 0.685712
2161015439472417 0.487549 -0.330637 -0.408822 0.697021
2161015579457014 0.495136 -0.333677 -0.403703 0.693197
2161015719439646 0.504236 -0.335457 -0.412784 0.680310
2161015859422011 0.491116 -0.329572 -0.432857 0.680309
2161015999404608 0.484072 -0.324139 -0.442143 0.681995
2161016139387405 0.482845 -0.335906 -0.443187 0.676470
2161016279370635 0.484118 -0.330106 -0.424355 0.690348
2161016419353865 0.473489 -0.321456 -0.419860 0.704408
2161016559337062 0.480534 -0.319063 -0.410558 0.706205
2161016699320126 0.493389 -0.331571 -0.408737 0.692503
2161016839302492 0.487427 -0.322887 -0.430785 0.687446
2161016979284989 0.478868 -0.323034 -0.443151 0.685529
2161017119267453 0.482538 -0.336465 -0.443863 0.675967
2161017259251717 0.494583 -0.338280 -0.436067 0.671414
2161017399236347 0.488188 -0.328506 -0.433122 0.682759
2161017539220845 0.483559 -0.327742 -0.427385 0.689997
2161017679205409 0.486803 -0.335796 -0.422346 0.686940
2161017819188774 0.488518 -0.342638 -0.436066 0.673642
2161017959171073 0.476008 -0.334222 -0.454991 0.674310
2161018099153537 0.473069 -0.333088 -0.464518 0.670433
2161018239136134 0.481381 -0.335609 -0.455186 0.669659
2161018379119431 0.489428 -0.326175 -0.438834 0.679333
2161018519102661 0.487604 -0.320841 -0.421650 0.693911
2161018659085858 0.484944 -0.319953 -0.413532 0.701034
2161018799069155 0.490818 -0.332413 -0.415207 0.690073
2161018939051554 0.483268 -0.339808 -0.436603 0.678497
2161019079033952 0.468513 -0.333146 -0.455569 0.679680
2161019219016482 0.467478 -0.335944 -0.461573 0.674948
2161019359000147 0.477774 -0.343115 -0.456847 0.667303
2161019498985011 0.472914 -0.344050 -0.443168 0.679398
2161019638969875 0.461641 -0.343460 -0.433967 0.693248
2161019778954671 0.469743 -0.335905 -0.431491 0.693053
2161019918938902 0.479176 -0.348763 -0.434298 0.678335
2161020058921267 0.464645 -0.354035 -0.452365 0.673890
2161020198903731 0.458014 -0.349575 -0.473395 0.666270
2161020338886229 0.467410 -0.357424 -0.485311 0.646720
2161020478999566 0.478734 -0.376471 -0.485538 0.627164
2161020618984196 0.462384 -0.391327 -0.500155 0.618795
2161020758968694 0.430423 -0.406127 -0.545804 0.593206
2161020898953258 0.404467 -0.429511 -0.589314 0.551936
2161021038936823 0.375246 -0.471021 -0.626753 0.494478
2161021178919189 0.318927 -0.506793 -0.679909 0.423282
2161021318901720 0.264866 -0.516557 -0.729782 0.361154
2161021458884218 0.239962 -0.530634 -0.747365 0.319827
2161021598867448 0.227373 -0.540281 -0.754241 0.295834
2161021738850778 0.201702 -0.532651 -0.771029 0.284803
2161021878834142 0.178837 -0.532862 -0.782363 0.268293
2161022018817372 0.169722 -0.547799 -0.780034 0.250314
2161022158799937 0.150990 -0.557542 -0.785806 0.221035
2161022298782302 0.128385 -0.548644 -0.798251 0.212839
2161022438764666 0.109949 -0.556096 -0.802149 0.187682
2161022578748030 0.106929 -0.570437 -0.793763 0.181952
2161022718732727 0.104200 -0.565044 -0.794739 0.195590
2161022858717324 0.106551 -0.555469 -0.795092 0.218925
2161022998701789 0.108335 -0.569853 -0.787162 0.209539
2161023138685953 0.100092 -0.585782 -0.781380 0.190487
2161023278668351 0.090732 -0.577734 -0.792046 0.175077
2161023418650749 0.094864 -0.567756 -0.800534 0.166723
2161023558633279 0.094730 -0.573305 -0.797931 0.160164
2161023698616377 0.101303 -0.578696 -0.790202 0.174433
2161023838599574 0.101150 -0.564569 -0.797372 0.187688
2161023978582771 0.093605 -0.563125 -0.798201 0.192361
2161024118565968 0.095056 -0.568828 -0.794789 0.188967
2161024258548732 0.078720 -0.575468 -0.797007 0.165584
2161024398531031 0.077277 -0.561448 -0.808124 0.160433
2161024538513561 0.082336 -0.560699 -0.808328 0.159502
2161024678496425 0.086954 -0.575381 -0.796303 0.165154
2161024818481123 0.087588 -0.568583 -0.797706 0.180845
2161024958466054 0.093503 -0.549716 -0.807852 0.190901
2161025098450850 0.095170 -0.552351 -0.804653 0.195916
2161025238435780 0.092302 -0.573099 -0.792325 0.187769
2161025378418612 0.090719 -0.569515 -0.798345 0.173396
2161025518400943 0.091452 -0.554643 -0.810161 0.166267
2161025658383540 0.092491 -0.562702 -0.806519 0.156006
2161025798366604 0.098241 -0.578255 -0.793251 0.163466
2161025938351201 0.105436 -0.569430 -0.794589 0.182372
2161026078335798 0.104211 -0.559822 -0.798914 0.193585
2161026218320363 0.103291 -0.574696 -0.788611 0.192734
2161026358304660 0.099283 -0.584600 -0.786730 0.171580
2161026498287159 0.093792 -0.572937 -0.798096 0.161206
2161026638269624 0.102260 -0.562283 -0.805493 0.156717
2161026778252121 0.108588 -0.560535 -0.805856 0.156857
2161026918235051 0.111844 -0.562264 -0.801513 0.170075
2161027058218348 0.105938 -0.553929 -0.804432 0.186623
2161027198201645 0.104768 -0.556825 -0.802682 0.186200
2161027338184842 0.106058 -0.571287 -0.793986 0.178796
2161027478167706 0.098613 -0.568835 -0.800218 0.162334
2161027618150038 0.100534 -0.559327 -0.809003 0.150196
2161027758132469 0.101428 -0.563169 -0.806706 0.147570
2161027898115233 0.095674 -0.578020 -0.795575 0.154264
2161028038099763 0.098702 -0.564702 -0.801161 0.171779
2161028178084427 0.097732 -0.553039 -0.806228 0.185987
2161028318068859 0.103491 -0.562887 -0.797185 0.192205
2161028458053423 0.103150 -0.584945 -0.783773 0.181376
2161028598036289 0.102809 -0.568075 -0.800424 0.161372
2161028738018588 0.098081 -0.555359 -0.810687 0.157295
2161028878001118 0.088261 -0.565504 -0.805143 0.155429
2161029017983982 0.100921 -0.567204 -0.801856 0.158493
2161029157967212 0.096255 -0.554869 -0.805932 0.182555
2161029297950442 0.100692 -0.551410 -0.806117 0.189691
2161029437933606 0.101048 -0.563856 -0.798067 0.186931
2161029577916770 0.093877 -0.556926 -0.807431 0.170510
2161029717899102 0.093704 -0.539536 -0.821668 0.158050
2161029857881533 0.093845 -0.543865 -0.820550 0.148663
2161029997863997 0.097596 -0.558950 -0.809161 0.152666
2161030137848128 0.099088 -0.542732 -0.816456 0.170356
2161030277832992 0.099421 -0.529475 -0.822479 0.182477
2161030417817756 0.103662 -0.535622 -0.815540 0.193018
2161030557802653 0.099261 -0.554723 -0.806472 0.178971
2161030697786484 0.097476 -0.547382 -0.814517 0.165626
2161030837768783 0.100426 -0.538458 -0.822273 0.154412
2161030977751313 0.100255 -0.549803 -0.814883 0.153718
2161031117733911 0.109540 -0.560177 -0.804225 0.165598
2161031257718242 0.104878 -0.548850 -0.809519 0.180115
2161031397702905 0.101588 -0.547151 -0.809487 0.187177
2161031537687437 0.105321 -0.562154 -0.799816 0.182164
2161031677672034 0.100535 -0.550987 -0.811482 0.166740
2161031817655066 0.098522 -0.535640 -0.823197 0.160400
2161031957637365 0.094896 -0.545143 -0.818482 0.154594
2161032097619962 0.103580 -0.560426 -0.805988 0.159926
2161032237602592 0.105702 -0.550567 -0.806965 0.185764
2161032377585856 0.099425 -0.538681 -0.814275 0.192072
2161032517569119 0.107951 -0.551113 -0.803785 0.196339
2161032657552316 0.103382 -0.564360 -0.796987 0.188731
2161032797535547 0.103948 -0.552507 -0.807291 0.179472
2161032937517946 0.106248 -0.549137 -0.811699 0.168232
2161033077500377 0.106919 -0.558727 -0.804990 0.168470
2161033217482841 0.101810 -0.560228 -0.800641 0.186417
2161033357466704 0.102113 -0.541944 -0.809847 0.200042
2161033497451367 0.103107 -0.544516 -0.807333 0.202689
2161033637435931 0.108593 -0.559719 -0.795928 0.203516
2161033777420429 0.102386 -0.554765 -0.802070 0.196049
2161033917404194 0.100087 -0.544239 -0.811241 0.188874
2161034057386493 0.099272 -0.555193 -0.807885 0.170954
2161034217366457 0.101955 -0.567525 -0.797922 0.175610
2161034357349020 0.105838 -0.555190 -0.802859 0.189680
2161034497332250 0.099567 -0.542770 -0.809595 0.200105
2161034637315480 0.098250 -0.552107 -0.804061 0.197505
2161034777298711 0.090350 -0.570357 -0.795566 0.183313
2161034917448608 0.082621 -0.556435 -0.810123 0.165086
2161035057664405 0.092247 -0.547820 -0.816871 0.155256
2161035197880102 0.094923 -0.558771 -0.808910 0.156296
2161035338095966 0.099647 -0.561715 -0.801680 0.178477
2161035478212831 0.102045 -0.551271 -0.804264 0.197092
2161035618197695 0.100621 -0.554036 -0.802914 0.195567
2161035758182593 0.102313 -0.562949 -0.796592 0.195090
2161035898167358 0.103831 -0.562317 -0.801253 0.176096
2161036038151688 0.104393 -0.553641 -0.809810 0.163679
2161036178134053 0.100783 -0.556161 -0.810361 0.154405
2161036318116484 0.100857 -0.564636 -0.803761 0.158050
2161036458098948 0.102413 -0.558479 -0.802621 0.182785
2161036598082946 0.096576 -0.553045 -0.803122 0.199518
2161036738067610 0.100049 -0.564521 -0.793167 0.205403
2161036878052141 0.104226 -0.576164 -0.786764 0.195378
2161037018036739 0.092796 -0.567076 -0.799043 0.177036
2161037158020403 0.089005 -0.554472 -0.810354 0.167221
2161037298002668 0.090300 -0.563191 -0.805428 0.161079
2161037437985132 0.095362 -0.571440 -0.796311 0.173924
2161037577967696 0.099968 -0.555454 -0.801859 0.196209
2161037717950993 0.100389 -0.556592 -0.797754 0.209078
2161037857934223 0.104423 -0.561098 -0.792019 0.216725
2161037997917420 0.103482 -0.563998 -0.795282 0.196781
2161038137900650 0.093295 -0.552949 -0.806298 0.188219
2161038277883149 0.101024 -0.551263 -0.810044 0.172428
2161038417865547 0.103668 -0.566917 -0.797567 0.178164
2161038557848144 0.115657 -0.559332 -0.796068 0.200115
2161038697831409 0.111536 -0.544035 -0.805098 0.208332
2161038837816006 0.111335 -0.553316 -0.797920 0.211583
2161038977800603 0.102421 -0.577122 -0.786553 0.194354
2161039117785068 0.094252 -0.563765 -0.801191 0.177136
2161039257769365 0.092788 -0.551365 -0.812480 0.165113
2161039397751730 0.093103 -0.568002 -0.801360 0.162870
2161039537734162 0.100699 -0.573243 -0.793088 0.179614
2161039677716692 0.107908 -0.554199 -0.801099 0.198640
2161039817699690 0.110100 -0.554889 -0.798887 0.204340
2161039957682920 0.116670 -0.564579 -0.792027 0.200823
2161040097666217 0.113791 -0.564522 -0.794873 0.191157
2161040237649414 0.107480 -0.557034 -0.804092 0.177751
2161040377632245 0.099850 -0.561843 -0.803388 0.170085
2161040517614611 0.106524 -0.572194 -0.794179 0.174714
2161040657597141 0.101763 -0.560311 -0.797484 0.199283
2161040797579905 0.099947 -0.545314 -0.805722 0.208455
2161040937564669 0.103864 -0.554768 -0.797478 0.213243
2161041077549599 0.098522 -0.570255 -0.790398 0.200930
2161041217610736 0.097399 -0.560061 -0.802146 0.182773
2161041357595567 0.097494 -0.554748 -0.807776 0.173913
2161041497578432 0.100226 -0.561347 -0.802026 0.177755
2161041637560763 0.097933 -0.571316 -0.791238 0.194803
2161041777543260 0.107721 -0.559380 -0.796777 0.201581
2161041917526291 0.107486 -0.552999 -0.797928 0.214356
2161042057510921 0.108837 -0.567172 -0.787816 0.214043
2161042197495518 0.107750 -0.582077 -0.779968 0.203041
2161042337479983 0.104183 -0.564328 -0.797790 0.184957
2161042477464447 0.102291 -0.558752 -0.804901 0.171659
2161042617446912 0.109031 -0.563419 -0.800060 0.174855
2161042757429310 0.113986 -0.566082 -0.793702 0.191298
2161042897411907 0.113396 -0.561884 -0.794257 0.201450
2161043037394805 0.105861 -0.570034 -0.792556 0.188969
2161043177378035 0.095649 -0.582049 -0.791263 0.161157
2161043317361232 0.058254 -0.583047 -0.802935 0.109346
2161043457344496 0.023542 -0.571827 -0.819403 0.032209
2161043597327393 0.016865 0.570339 0.820425 0.036480
2161043737309692 0.033407 0.571497 0.816501 0.074831
2161043877292289 0.061222 0.563555 0.816535 0.109213
2161044017274853 0.104587 0.539292 0.818200 0.169627
2161044157259316 0.150072 0.535734 0.799943 0.224848
2161044297243980 0.193370 0.536483 0.774205 0.274588
2161044437228512 0.237220 0.512539 0.756473 0.329812
2161044577213109 0.261509 0.492851 0.733903 0.387421
2161044717196074 0.292878 0.481467 0.710314 0.421741
2161044857178305 0.311388 0.483998 0.698106 0.425946
2161044997160836 0.306318 0.474424 0.710368 0.420079
2161045137143567 0.310104 0.462203 0.715915 0.421507
2161045277126931 0.318276 0.461726 0.710073 0.425799
2161045417110228 0.329468 0.464573 0.699359 0.431878
2161045557093425 0.330667 0.456023 0.692825 0.450214
2161045697076622 0.322152 0.451107 0.687256 0.469466
2161045837058854 0.333623 0.448587 0.678714 0.476246
2161045977041285 0.342951 0.459163 0.677327 0.461280
2161046117023782 0.324298 0.454555 0.692710 0.456465
2161046257007812 0.329254 0.444387 0.698160 0.454623
2161046396992676 0.331810 0.451671 0.693829 0.452210
2161046536977473 0.337771 0.468444 0.680015 0.451718
2161046676962337 0.333997 0.462397 0.676211 0.466232
2161046816946301 0.335180 0.462821 0.672634 0.470120
2161046956928600 0.332517 0.471586 0.671334 0.465132
2161047096911164 0.330961 0.477495 0.678035 0.450256
2161047236893628 0.330771 0.468767 0.691380 0.439135
2161047376877958 0.336003 0.473062 0.687999 0.435855
2161047516862588 0.346621 0.485972 0.675379 0.433067
2161047656847019 0.354127 0.484503 0.667705 0.440477
2161047796831716 0.340758 0.482535 0.669188 0.450809
2161047936814948 0.338895 0.484417 0.664313 0.457359
2161048076797247 0.342317 0.486061 0.666177 0.450300
2161048216779777 0.338213 0.481330 0.677216 0.441938
2161048356762408 0.331170 0.469286 0.691084 0.438747
2161048496745638 0.333379 0.466467 0.690682 0.440708
2161048636728868 0.341130 0.474985 0.675872 0.448569
2161048776712133 0.329744 0.469455 0.676357 0.461974
2161048916695297 0.323621 0.460092 0.677186 0.474343
2161049056677662 0.329294 0.461324 0.669792 0.479711
2161049196660093 0.333049 0.475825 0.669942 0.462435
2161049336642557 0.328138 0.473499 0.685915 0.444570
2161049476626254 0.320480 0.464538 0.697556 0.441487
2161049616610884 0.320893 0.467697 0.694579 0.442544
2161049756595548 0.333361 0.471258 0.683868 0.446215
2161049896580079 0.327384 0.465191 0.678459 0.464875
2161050036563977 0.323622 0.462867 0.676699 0.472334
2161050176546276 0.329065 0.469265 0.673609 0.466643
2161050316528840 0.332087 0.470903 0.678543 0.455573
2161050456511304 0.322778 0.472586 0.689467 0.443971
2161050596494535 0.322530 0.468631 0.695479 0.438938
2161050736477832 0.328661 0.478670 0.688177 0.435050
2161050876460929 0.330979 0.477095 0.682237 0.444280
2161051016444159 0.321965 0.468223 0.682734 0.459323
2161051156426824 0.328483 0.466641 0.675097 0.467534
2161051296409156 0.337923 0.460185 0.677630 0.463524
2161051436391686 0.326687 0.461937 0.690250 0.451046
2161051576374783 0.322593 0.461328 0.700145 0.439210
2161051716359581 0.327017 0.472057 0.695042 0.432593
2161051856344445 0.337143 0.485020 0.680055 0.434297
2161051996329209 0.327842 0.481056 0.679004 0.447277
2161052136313939 0.317044 0.473184 0.680888 0.460402
2161052276296538 0.320370 0.474468 0.679803 0.458377
2161052416278969 0.329809 0.479956 0.679631 0.446059
2161052556261466 0.325907 0.478858 0.689862 0.434244
2161052696244964 0.324192 0.468721 0.700357 0.429766
2161052836229594 0.327512 0.469737 0.695393 0.434177
2161052976214158 0.335975 0.473724 0.687118 0.436549
2161053116198723 0.332575 0.471560 0.683818 0.446560
2161053256182853 0.320624 0.473702 0.692734 0.439232
2161053396165152 0.305400 0.485749 0.712439 0.403988
2161053536147583 0.276164 0.505973 0.741620 0.343109
2161053676130147 0.231483 0.517017 0.780357 0.264857
2161053816113210 0.186454 0.521216 0.811192 0.188506
2161053956096407 0.139099 0.536706 0.824212 0.115203
2161054116077204 0.101626 0.557602 0.821855 0.057494
2161054256060467 0.048944 0.548868 0.834267 0.018583
2161054396043033 -0.010778 -0.541517 -0.840351 0.021270
2161054536025398 0.019750 -0.541928 -0.837688 0.064812
2161054676007995 0.052446 -0.553656 -0.824304 0.106001
2161054815991294 0.068472 -0.545280 -0.822506 0.146502
2161054955975891 0.086416 -0.539512 -0.820064 0.170154
2161055095960588 0.097050 -0.546652 -0.811998 0.180026
2161055235945020 0.095282 -0.549865 -0.811196 0.174726
2161055375929284 0.100572 -0.535655 -0.822878 0.160711
2161055515911649 0.105661 -0.537174 -0.822608 0.153607
2161055655894081 0.106563 -0.543333 -0.817614 0.157926
2161055795876644 0.112131 -0.541126 -0.813565 0.180888
2161055935859574 0.113516 -0.535363 -0.813291 0.197627
2161056075842871 0.115274 -0.541248 -0.807893 0.202657
2161056215826101 0.119855 -0.556083 -0.798507 0.196958
2161056355809298 0.110462 -0.556130 -0.802579 0.185427
2161056495792229 0.111405 -0.543592 -0.813399 0.174578
2161056635774528 0.112379 -0.549222 -0.810900 0.167824
2161056775757025 0.119812 -0.561064 -0.800452 0.173573
2161056915739756 0.117455 -0.553634 -0.801549 0.192904
2161057055724421 0.114668 -0.541092 -0.808870 0.199496
2161057195709319 0.117183 -0.554934 -0.798896 0.200201
2161057335694151 0.117443 -0.571708 -0.789552 0.189638
2161057475679081 0.114842 -0.553448 -0.804838 0.180944
2161057615661979 0.114727 -0.546930 -0.810478 0.175582
2161057755644344 0.109408 -0.558239 -0.803275 0.176483
2161057895626841 0.118211 -0.559426 -0.798531 0.188189
2161058055607606 0.116299 -0.545449 -0.803534 0.208066
2161058195592236 0.114307 -0.550865 -0.801637 0.202135
2161058335576833 0.112677 -0.564363 -0.795186 0.190989
2161058475561398 0.110830 -0.560029 -0.800694 0.181582
2161058615545662 0.112950 -0.551485 -0.808854 0.169887
2161058755528027 0.116063 -0.553265 -0.807451 0.168669
2161058895510425 0.117738 -0.558220 -0.801944 0.177236
2161059035492989 0.122988 -0.551532 -0.802265 0.192498
2161059175475919 0.119337 -0.542532 -0.806148 0.203818
2161059315459149 0.123243 -0.546880 -0.802406 0.204638
2161059455442380 0.122850 -0.563637 -0.793840 0.192454
2161059595425610 0.119999 -0.553331 -0.804183 0.180867
2161059735408475 0.121088 -0.545316 -0.811149 0.173214
2161059875390774 0.120709 -0.553290 -0.807050 0.167237
2161060015373371 0.121550 -0.566359 -0.795675 0.177094
2161060155356102 0.120670 -0.556764 -0.799011 0.192440
2161060295340699 0.117213 -0.549547 -0.802446 0.200844
2161060435325329 0.115149 -0.553235 -0.801838 0.194230
2161060575309794 0.111669 -0.564514 -0.797028 0.183299
2161060715294358 0.102079 -0.554198 -0.807536 0.174154
2161060855277057 0.106317 -0.548014 -0.813670 0.162223
2161060995259423 0.112249 -0.552733 -0.809871 0.161227
2161061135346645 0.119460 -0.558317 -0.801790 0.176473
2161061275329408 0.122576 -0.548310 -0.804296 0.193490
2161061415312672 0.120673 -0.549145 -0.801744 0.202689
2161061555295902 0.121044 -0.562089 -0.793791 0.198240
2161061695279099 0.119130 -0.570753 -0.790533 0.187363
2161061835262297 0.116597 -0.554627 -0.804483 0.177764
2161061975244596 0.120067 -0.544731 -0.811113 0.175915
2161062115227060 0.128023 -0.542433 -0.810159 0.181704
2161062255209591 0.132580 -0.539423 -0.807428 0.198754
2161062395193922 0.127666 -0.527277 -0.813209 0.210642
2161062535178786 0.124216 -0.523529 -0.814853 0.215642
2161062675163550 0.121626 -0.532665 -0.811662 0.206586
2161062815148447 0.115193 -0.536461 -0.812948 0.195077
2161062955132045 0.113265 -0.524443 -0.825046 0.177282
2161063095114344 0.114619 -0.526288 -0.824079 0.175430
2161063235096907 0.122037 -0.531907 -0.818021 0.181718
2161063375079505 0.127086 -0.532809 -0.812358 0.200092
2161063515063969 0.119140 -0.524203 -0.815467 0.214544
2161063655048599 0.118263 -0.528071 -0.815583 0.204886
2161063795033097 0.111974 -0.539911 -0.811886 0.191825
2161063935017661 0.107513 -0.535882 -0.817617 0.181029
2161064075000626 0.122860 -0.543685 -0.813345 0.166676
2161064214982925 0.131823 -0.529875 -0.819742 0.172848
2161064354965522 0.137922 -0.523971 -0.818084 0.192793
2161064494948186 0.139058 -0.525310 -0.812275 0.211945
2161064634931416 0.137493 -0.521397 -0.812106 0.222984
2161064774914679 0.141187 -0.522989 -0.811910 0.217598
2161064914897876 0.136469 -0.520493 -0.818469 0.201421
2161065054881073 0.131875 -0.514231 -0.826083 0.189107
2161065194863405 0.149272 -0.507223 -0.827098 0.190657
2161065334845903 0.161193 -0.505089 -0.823335 0.202534
2161065474828367 0.171623 -0.511725 -0.815524 0.208810
2161065614812364 0.195373 -0.517534 -0.804926 0.214665
2161065754796994 0.217011 -0.522589 -0.795353 0.217299
