# Created at Mon Sep 23 20:31:03 GMT+09:00 2024
881275897395 0.466884 8.956982 3.351985
881539197759 -0.591386 9.548368 2.334418
881798835087 0.119714 9.349643 3.641692
882058806383 0.057463 9.680053 3.392687
882318775645 0.129291 9.658504 3.340013
882578743107 -0.658426 9.766247 3.488458
882838711667 -0.768562 9.227535 2.219493
883098680396 -0.677580 9.953000 3.239454
883358648625 -0.658426 8.427847 2.853976
883618616121 -0.562655 8.894731 2.899467
883878585849 -1.173195 10.465375 3.411842
884138557145 -0.047885 8.269825 2.578634
884398527341 -0.055068 10.956202 2.983266
884658494571 -0.538712 7.711959 3.624932
884918462766 -0.550683 10.381576 3.814080
885178431627 -0.280130 8.111803 3.756617
885438487510 -0.043097 10.530021 4.314483
885698454840 -0.016760 7.587457 3.974496
885978421634 -0.277736 10.735929 3.818868
886238393463 -0.545895 7.860404 4.070267
886498364791 -0.308861 10.728745 4.460534
886758332188 0.229850 8.492493 3.553104
887018300384 0.294496 10.369604 3.189174
887278271845 -0.521952 8.255460 3.644086
887538243142 -0.009577 10.470163 3.148471
887798210639 -0.189148 8.415876 3.181991
888058178334 -0.318439 9.845258 3.670423
888318147161 -0.560260 8.425453 4.237866
888578115989 -0.272947 10.120600 4.369552
888838083587 0.342381 8.298556 4.142096
889098051215 -0.430969 9.809344 3.809291
889358022778 -0.505192 8.147717 3.507613
889617994706 -0.186753 10.101445 3.529161
889877963470 0.383084 8.526012 4.276175
890137930899 -0.277736 9.821315 3.864360
890397901393 -0.885882 8.418270 4.292935
890657872622 -0.454912 9.998491 3.677606
890917842285 0.052674 8.298556 4.630527
891177809647 -0.215485 9.510059 3.603384
891437777975 -0.646454 8.480521 3.651269
891697746770 -0.043097 10.008069 3.711126
891957715099 0.124502 8.262642 4.364763
892217682461 0.198725 9.797373 4.371946
892477652156 -0.514769 8.578687 4.558699
892737623484 -0.335198 10.020041 3.972102
892997593847 0.210696 8.169266 5.008823
893257561111 -0.292102 9.811738 4.063084
893517529172 -0.837996 8.154900 3.778166
893777498100 -0.344776 10.154119 4.357580
894037466695 -0.560260 7.874770 5.276982
894297433959 -0.354353 9.732727 3.598595
894557402687 -0.792505 7.941810 3.596201
894817374148 -0.332804 10.125388 4.350397
895077345278 0.114925 8.382356 4.585036
895337312643 -0.184359 9.407105 3.857177
895597280337 -0.574626 8.425453 3.392687
895857249198 0.055068 10.111023 3.859571
896117218059 0.000000 7.865193 4.094210
896377185490 -0.263370 9.885961 3.893091
896637153385 -0.826025 7.838856 3.193963
896897125081 -0.514769 10.551569 4.264204
897157096942 -0.052674 7.201979 4.223501
897417065372 -0.454912 10.862824 4.879532
897677032801 -1.161223 7.846038 4.094210
897937003628 -0.311256 10.577906 4.144490
898196975024 -0.198725 7.166065 3.684789
898456944054 -0.390267 10.479741 4.223501
898716911483 -0.593780 7.910684 4.137307
898976880012 -0.311256 10.992116 4.881927
899236848740 0.148445 7.230710 4.235472
899496816902 -0.371113 11.035213 4.534757
899756784397 -0.392661 7.302538 3.849994
900016754292 -0.397450 10.972961 4.273780
900276725655 -0.148445 7.264230 4.058296
900536695651 -0.428575 10.640158 4.707144
900796662947 -0.390267 7.338452 3.067066
901056631175 -0.526740 11.119012 4.671230
901316600036 0.234639 7.170853 4.072661
901576568531 -0.347170 10.810151 4.561093
901836535928 -0.332804 7.470138 3.462121
902096504924 -0.210696 11.200418 3.354379
902356476818 0.112531 7.041562 2.468497
902616448245 -0.296890 11.107040 5.334444
902876415676 -0.277736 7.419858 2.779753
903136383938 0.165205 11.514068 3.225088
903396355332 -0.074223 7.170853 3.107769
903656326594 -0.644060 11.152532 4.142096
903916294292 -0.110137 7.774210 3.213117
904176261954 0.277736 12.162916 2.308081
904436230814 0.143656 7.264230 1.668810
904696199676 -0.308861 11.099858 3.153260
904956167172 0.184359 7.731113 3.134106
905216134767 0.423787 11.681666 3.931399
905476105961 0.023943 6.991282 3.021575
905736077190 -0.385478 11.198023 3.081432
905996045921 0.062251 7.812519 3.177203
906256140202 0.031126 11.509279 4.869955
906516108862 0.246610 7.350424 2.590605
906776077723 -0.787716 10.972961 4.010410
907036045786 -0.134079 8.138140 2.482863
907296013148 0.138868 11.037607 6.414262
907555983710 0.069434 7.714354 2.932987
907815955472 -0.591386 10.695226 4.664047
908075925567 -0.131685 7.810124 2.169213
908335892996 0.435758 11.569136 5.997658
908595862457 0.129291 7.261836 2.674405
908855833919 -0.466884 11.040001 4.242655
909115804349 0.004789 7.913078 2.669616
909375771612 0.526740 11.825323 4.221107
909635739606 -0.088588 7.333664 3.050306
909895708467 -0.584203 11.224360 4.022382
910155677129 0.241822 7.360001 2.353572
910415644493 0.751802 11.779832 5.870762
910675613088 -0.031126 7.594640 3.184386
910935584616 -0.430969 10.726351 4.331243
911195555680 0.150839 7.278595 2.638491
911455522977 1.089395 11.396749 5.935407
911715490805 -0.263370 6.888329 2.786936
911975459699 -0.246610 10.829305 4.489265
912235428560 0.296890 7.764633 3.533950
912495396025 -0.167599 10.403124 7.585063
912755363820 0.107742 7.901107 3.138894
913015335482 -0.533923 9.909904 4.702356
913275307376 -0.002394 7.910684 1.987248
913535275839 0.071828 9.562734 6.411868
913795243301 0.296890 7.848433 2.365544
914055214096 -0.596174 10.003280 4.673625
914315185325 0.186753 7.977724 2.779753
914575154521 -0.167599 10.314536 6.371165
914835121917 0.095771 7.446195 2.772570
915095090344 -0.809265 10.520444 7.915473
915355059239 0.026337 8.054340 3.208328
915615027368 0.026337 9.962578 6.591439
915874994796 0.153234 7.503657 2.825244
916134964625 -0.553077 10.000886 5.128537
916394935987 -0.272947 7.740690 2.573845
916654906082 -0.158022 9.900327 7.541965
916914873446 0.004789 7.637737 2.588211
917174841574 -0.763774 9.991309 7.391126
917434810468 -0.263370 8.004061 3.246637
917694779064 -0.079011 9.282603 6.581861
917954746327 0.165205 7.984907 2.442160
918214715389 -0.912219 9.522031 5.533169
918474687218 -0.272947 8.317711 2.717502
918734658747 -0.313650 9.799767 6.007236
918994626210 0.067040 8.171659 2.236253
919254594204 -0.318439 9.548368 4.898686
919514565631 -0.457306 8.767835 3.548315
919774536994 1.096578 9.742304 4.154067
920034504758 0.026337 8.542772 2.961718
920294472287 -0.244216 9.778218 4.348003
920554441181 -0.430969 9.277815 4.039142
920814409975 0.766168 9.301758 4.098999
921074377672 0.464489 8.755863 2.930592
921334345133 0.852362 9.567522 4.735876
921594316260 -0.011971 8.631361 2.451737
921854287589 1.513182 9.548368 5.645700
922114256419 0.521952 8.308133 3.354379
922374223748 -0.268159 10.046377 5.102200
922634192443 0.426181 8.291373 2.865947
922894161270 0.378295 11.162109 4.427014
923154129333 0.225062 7.640131 2.054288
923414096762 -0.390267 10.819728 2.971295
923674067058 -0.222668 7.609005 2.511594
923934038986 0.842785 11.765467 1.965700
924194009149 0.289707 7.360001 3.069460
924453976578 0.138868 10.987327 2.396669
924713945873 0.193936 7.599428 2.540326
924973917235 0.675186 12.107848 2.403852
925233887865 0.553077 7.316904 2.449343
925493855162 -0.574626 10.956202 2.851581
925753823056 0.021548 7.443800 2.683982
926013791951 0.493221 12.201224 2.224281
926273760712 0.134079 7.343241 2.901861
926533727975 -0.735042 11.047184 3.052700
926793696436 0.205908 7.360001 1.932180
927053797085 0.917007 12.086299 2.595394
927313768248 0.234639 7.364789 1.905843
927573735780 -0.687157 11.126195 3.438179
927833703475 0.193936 7.532389 2.018374
928093672402 0.541106 12.105453 3.162837
928353641264 -0.055068 7.144516 1.865140
928613608694 -0.857150 11.597867 2.815667
928873576422 0.220273 7.326481 2.241041
929133548084 0.593780 12.081511 3.672817
929393519846 -0.011971 7.374366 1.652050
929653488542 -0.847573 11.698426 4.106181
929913456037 -0.521952 7.905895 2.241041
930173426698 -0.035914 11.870814 3.033546
930433398028 0.083800 7.460560 2.152453
930693367224 -0.488432 11.004087 2.430189
930953334653 0.457306 7.709565 2.118933
931213303114 0.691945 10.661706 3.488458
931473271942 0.560260 7.271412 2.942564
931733240071 0.265765 10.628186 3.991256
931993207534 0.337593 8.214757 4.989669
932253177329 -0.249005 10.194822 5.346416
932513148724 1.280937 8.265037 5.399090
932773118953 -0.668003 9.775824 4.431803
933033086116 0.112531 8.430242 4.079844
933293054344 -0.047885 9.871595 4.410254
933553023171 1.173195 8.710372 4.118153
933812991799 -0.253793 9.399923 4.970514
934072959129 -0.416604 9.227535 3.617749
934332928191 -0.201119 9.141341 2.937775
934592900053 0.675186 9.375980 2.873130
934852871416 0.416604 9.256267 3.330436
935112838846 -0.359141 9.416683 2.576240
935372806875 -0.438152 9.366403 3.474093
935632778369 0.950527 9.562734 3.828445
935892749631 0.227456 8.770228 3.062278
936152717562 -0.392661 9.773430 4.695173
936412685023 -0.584203 8.954588 3.471699
936692651516 1.077424 9.447808 3.593807
936952620277 -0.076617 8.784595 2.870735
937212587975 -0.155628 9.608225 3.363956
937472555470 -0.581809 8.971348 2.643279
937732526765 0.608146 9.608225 4.549122
937992498094 0.232245 8.427847 2.518777
938252466591 0.397450 10.127783 5.600209
938512434153 -0.466884 8.901914 3.804503
938772402713 0.790111 9.581888 4.403071
939032371508 0.440547 8.772623 2.779753
939292339539 0.129291 9.794978 4.788549
939552307034 -0.320833 8.971348 3.569864
939812277563 0.146051 9.641745 4.529968
940072249492 0.411815 8.662486 3.110163
940332219389 -0.040703 9.598648 4.395888
940592453419 -0.323227 9.083879 3.136500
940852856214 0.806871 9.636956 4.108575
941113127544 0.296890 8.906702 2.662434
941373098007 -0.102954 10.079897 2.956929
941633065271 -0.313650 9.095850 3.028758
941893033265 0.471672 9.984126 2.806090
942153002226 0.548289 9.227535 3.421419
942412970854 0.270553 9.711179 3.035940
942672938184 0.268159 9.888355 3.639298
942932906846 0.703917 9.332883 2.803696
943192878307 -0.047885 9.189227 2.791724
943452849536 -0.050280 9.366403 2.415823
943712817000 -0.648848 9.419077 3.419024
943972784561 1.019961 8.877971 3.373533
944232753456 0.332804 9.419077 3.854782
944492722251 -0.177176 9.304152 3.809291
944752689581 -0.249005 9.222747 3.399870
945012657442 0.814053 8.933040 3.332830
945272629237 0.356747 9.711179 3.943371
945532600965 -0.150839 8.542772 3.093403
945792569394 0.165205 10.218765 3.955342
946052536888 0.222668 7.513234 4.290541
946312507816 0.100560 10.391152 4.280963
946572479146 -0.007183 8.296163 4.046324
946832448242 0.361535 10.489318 3.897879
947092415671 0.572232 8.097438 3.940976
947352384300 0.174782 10.213976 3.866754
947612491834 -0.179571 8.494887 4.438985
947872459829 0.404632 10.264256 4.486871
948132427324 0.138868 7.963358 4.517997
948392397185 0.114925 10.259467 4.015199
948652368581 -0.397450 8.186026 3.689578
948912338544 0.126897 10.494106 3.866754
949172305874 0.538712 8.023215 4.793338
949432274070 0.007183 10.010463 3.689578
949692676199 -0.095771 8.581081 4.003228
949953077996 0.268159 9.902720 3.478881
950213178725 0.354353 8.791777 4.288146
950473147820 0.433364 9.742304 4.391100
950733119714 -0.215485 8.559532 3.332830
950993091108 0.107742 10.005674 3.754223
951253058505 0.928979 8.767835 3.533950
951513026734 0.857150 9.797373 3.773377
951772998195 -0.203513 8.490098 3.181991
952032969424 -0.026337 9.838076 3.198751
952292937089 0.433364 8.418270 3.703943
952552904616 0.531529 9.524426 3.814080
952812873510 0.004789 8.305739 3.220300
953072842338 -0.160416 9.802161 3.158048
953332809935 0.313650 8.765440 2.944958
953592777496 0.390267 9.780613 4.003228
953852749091 -0.560260 8.719949 3.138894
954112720853 -0.055068 10.106234 4.144490
954392687182 0.572232 7.520417 3.684789
954652654744 -0.119714 10.271439 3.660846
954912625472 -0.380690 8.214757 3.940976
955172596835 0.035914 10.144543 4.041536
955432566031 0.500403 8.420665 4.489265
955692533493 0.270553 9.864412 4.070267
955952501787 0.201119 9.002473 4.611373
956212470783 0.177176 10.058349 3.569864
956472439012 0.521952 8.265037 3.761406
956732406341 0.306467 10.532414 3.900274
956992376170 -0.337593 7.776605 3.375927
957252347432 0.011971 10.338479 4.084633
957512317661 0.823631 8.324894 5.030371
957772284990 0.296890 9.629773 3.493247
958032253151 -0.562655 8.018426 3.790137
958292221946 -0.270553 10.587483 4.539545
958552190641 0.071828 7.197190 4.381523
958812157837 -0.076617 10.225947 4.240261
959072126766 -0.328016 8.025609 4.302512
959332098127 -0.095771 10.659311 4.917840
959592069124 0.177176 7.661679 4.992063
959852036488 0.035914 10.115811 4.544333
960112004248 -0.256187 7.862799 3.981679
960371973143 0.112531 10.113417 4.905869
960631942037 0.107742 7.151699 4.575459
960891909402 -0.093377 10.434250 4.673625
961151877430 -0.572232 7.601822 3.809291
961411849324 0.220273 10.491713 3.988862
961671821086 0.332804 7.486897 4.922629
961931789217 -0.287313 10.357633 5.176422
962191756645 -0.112531 8.018426 4.790944
962451727773 -0.064645 10.549175 4.427014
962711699069 0.198725 8.142929 5.243462
962971667832 -0.239427 10.168485 4.139701
963231635294 0.014366 7.968146 4.860378
963491603855 0.165205 10.678466 5.401484
963751572649 0.086194 7.407886 4.338426
964011540779 0.189148 10.381576 5.116565
964271508207 -0.249005 7.793365 4.498842
964531478336 0.167599 10.594666 5.039948
964791449599 0.466884 7.403098 4.388706
965051419494 -0.160416 9.969760 4.434197
965311386757 -0.514769 7.960964 4.213923
965571355085 0.131685 10.520444 4.948966
965831323980 0.256187 6.869174 3.234665
966091292442 -0.208302 11.006481 3.835628
966351259772 0.016760 7.642525 3.608172
966611229035 0.095771 10.779025 3.967313
966871201029 0.208302 7.786181 4.747847
967131172224 0.246610 10.472558 4.338426
967391139553 -0.016760 7.891530 3.948159
967651107948 0.811659 10.647340 5.152479
967911079443 0.950527 7.702382 4.357580
968171199393 0.249005 10.151725 3.821263
968431166857 0.730254 8.779806 4.728693
968691134452 0.196331 10.058349 4.623344
968951103379 1.218686 9.220352 3.610566
969211072274 -0.486038 8.968953 4.110970
969471039737 0.016760 8.727132 3.239454
969731007399 -0.529135 9.258660 4.122941
969990978659 0.615329 9.237112 3.193963
970250949922 0.095771 9.225141 3.780560
970510918419 -0.426181 9.014444 2.595394
970770885948 -0.418998 9.613013 3.921822
971030854609 0.644060 9.294575 2.758204
971290823537 0.198725 9.486116 4.010410
971550791366 -1.046298 9.215564 2.109356
971810758861 -0.363930 9.598648 3.251425
972070729623 0.900247 9.495694 2.494834
972330701419 0.047885 9.411894 3.136500
972590671348 -0.861939 9.265843 1.496422
972850638677 -0.651243 9.105427 2.461314
973110608406 0.725465 9.926663 2.899467
973370579669 0.102954 8.741497 2.830033
973630549931 0.158022 9.438231 2.497229
973890517260 -0.790111 9.177256 3.313676
974150485488 0.888276 9.488511 3.560287
974410454283 -0.035914 8.877971 3.359168
974670422879 -0.591386 9.414289 3.768589
974930390176 -0.758985 8.808537 3.306494
975190358904 0.806871 9.830893 4.362369
975450330366 0.198725 8.786988 3.258608
975710301429 -0.933767 9.454991 4.834041
975970268693 -0.550683 8.447001 2.394275
976230069955 0.055068 9.783007 5.956956
976490038816 0.387873 7.872375 2.403852
976750174277 -0.742225 10.379181 4.553911
977010141708 -0.311256 7.951386 2.679193
977270109569 0.852362 11.126195 5.734288
977530081397 -0.112531 7.276201 2.224281
977790053225 -0.292102 10.769448 2.394275
978050021455 0.462095 7.450983 1.666415
978309989051 0.782928 11.166898 3.905062
978569960079 0.754197 7.683228 4.429409
978829931307 -0.002394 10.853248 5.255433
979089900238 0.141262 8.085466 3.950553
979349959118 -0.162811 10.644946 4.709538
979609927612 0.177176 7.462955 5.023189
979869896539 -0.059857 10.573117 4.635316
980129864702 -0.289707 7.829278 4.470111
980389832064 0.004789 10.573117 4.599402
980649802360 0.071828 7.427041 4.312089
980909774122 -0.160416 10.486923 4.917840
981169744450 -0.232245 7.975329 4.008016
981429711946 0.021548 10.776631 4.314483
981689681075 0.055068 7.671257 4.652076
981949652537 0.169994 10.292988 3.893091
982209623265 -0.761379 8.087860 3.888302
982469590528 -0.256187 10.355239 3.895485
982729558456 0.117319 7.963358 3.644086
982989527317 -0.517163 10.099051 4.290541
983249496144 -0.816448 8.303345 2.806090
983509463508 -0.466884 10.544386 4.046324
983769431704 0.237033 8.291373 4.022382
984029403198 -0.292102 10.096657 3.378322
984289374562 -0.294496 8.707977 2.921015
984549342059 -0.339987 10.180456 2.853976
984809309720 0.521952 9.004868 2.090202
985069278481 0.308861 10.058349 3.361562
985329247309 -0.301679 9.287392 1.781340
985589214907 -0.299284 9.749487 2.588211
985849182502 0.766168 9.687236 2.877918
986109153763 0.033520 8.868394 2.571451
986369125093 -0.462095 9.878778 4.266598
986629093522 -0.524346 8.877971 2.937775
986889061084 0.536318 9.613013 4.350397
987149029745 -0.179571 8.684034 2.463709
987408998540 -0.545895 9.514848 4.508420
987668966604 -0.260976 9.062330 2.885101
987928933999 0.016760 9.308941 4.649682
988188904761 -0.339987 7.826884 1.891477
988448876555 -0.577020 10.096657 4.079844
988708846385 -0.399844 8.288980 2.142876
988968813747 0.088588 10.802968 5.425426
989228783375 -0.031126 7.728719 2.533143
989488754670 -1.096578 10.853248 5.284164
989748725099 0.055068 8.085466 2.624125
990008692396 0.059857 11.320131 3.969708
990268660390 0.117319 7.822096 2.320052
990528629317 -0.790111 10.910710 2.537931
990788598045 0.172388 7.644919 1.647261
991048565241 0.186753 12.167705 3.038335
991308533970 0.129291 7.589851 2.023162
991568505398 -0.845179 11.260275 2.899467
991828476594 0.220273 8.231517 2.152453
992088443958 0.081405 11.262669 1.798100
992348411719 0.169994 7.750268 3.021575
992608380580 -0.028731 11.296188 3.423813
992868349408 -0.385478 7.953781 2.808484
993128316772 -0.296890 11.008876 2.923409
993388284666 -0.244216 7.269018 4.058296
993648256428 0.052674 10.814939 3.684789
993908228189 -0.600963 7.941810 3.885908
994168196652 -0.205908 10.592272 4.084633
994428164080 0.383084 7.829278 4.539545
994688134974 -0.040703 10.221159 4.331243
994948106270 -0.481249 8.384750 3.421419
995208075367 0.203513 10.893950 3.919428
995468042862 0.249005 8.547561 4.618556
995728011391 -0.055068 10.075109 3.562681
995987980119 -0.548289 8.815720 2.889890
996247948248 -0.196331 10.156514 3.114952
996507915677 0.974470 9.426260 3.294522
996767885538 0.059857 9.814133 3.770983
997027857034 -0.423787 9.304152 2.983266
997287826996 -0.232245 9.931452 2.921015
997547794293 0.617723 9.330489 3.296916
997807762521 0.325621 9.349643 3.138894
998067731415 -0.411815 9.349643 2.523566
998327699809 0.134079 9.438231 2.540326
998587667206 0.854756 9.804555 3.361562
998847636302 0.179571 9.141341 2.537931
999107608196 0.402238 9.706390 4.656865
999367579524 -0.668003 8.827691 2.490046
999627546888 -0.055068 9.744699 5.549929
999887515184 0.536318 8.334471 2.061471
1000147661390 -0.960104 10.527626 4.769395
1000407632752 0.009577 8.423059 3.205934
1000667600417 0.495615 11.286612 5.159662
1000927568045 0.354353 7.853221 1.996825
1001187536839 -0.471672 11.447028 2.839610
1001447505668 0.347170 8.281796 3.313676
1001707473198 0.442941 11.681666 2.988055
1001967440859 0.409421 7.673651 3.043123
1002227412086 0.648848 10.987327 4.077450
1002487383415 -0.699128 7.589851 3.828445
1002747352113 0.447729 10.096657 4.395888
1003007319476 0.246610 7.922655 4.156461
1003267288104 -0.002394 9.481328 4.714327
1003527256965 -1.058270 8.633755 3.617749
1003787224927 0.265765 9.981731 3.481276
1004047192355 1.046298 9.009656 3.948159
1004307163216 0.433364 9.014444 3.569864
1004567134978 -0.239427 8.968953 6.919454
1004827104940 -1.252206 8.516436 2.312870
1005087072135 -0.205908 9.624985 7.015225
1005347041563 0.268159 8.269825 2.490046
1005607012958 -1.168406 10.333690 4.381523
1005866983421 -0.407027 8.186026 2.703136
1006126950651 0.691945 11.406325 5.197970
1006421747945 -0.435758 7.656891 2.458920
1006664385575 0.280130 10.802968 4.867561
1006907356337 -0.004789 7.628160 3.122134
1007166823700 -0.330410 11.085492 3.083826
1007426792328 0.330410 7.525206 3.811686
1007686763789 0.107742 10.652128 4.115758
1007946734953 -0.588992 7.695199 3.316071
1008206702284 -0.184359 10.755082 4.096604
1008466669978 -0.395055 7.922655 5.001640
1008726638872 -0.169994 10.474953 3.462121
1008986607633 -0.275342 8.351231 3.984073
1009246575165 -0.162811 10.503684 4.613768
1009506542992 -0.019154 8.834874 2.767782
1009766577778 0.040703 9.739910 3.191568
1010026549572 -0.761379 9.009656 1.992037
1010286518035 -0.213090 9.742304 3.466910
1010546485463 0.780534 9.009656 1.838803
1010806456325 0.241822 9.445415 3.332830
1011066427521 -0.749408 9.344854 3.263397
1011326396683 -0.361535 9.256267 2.985661
1011586364078 -0.009577 9.325701 3.280156
1011846332539 0.239427 8.851634 2.894678
1012106301501 0.004789 9.476540 7.297750
1012366269630 -0.624906 8.533195 3.088614
1012626237092 -0.328016 9.347249 4.798127
1012886206922 -0.107742 8.303345 2.782147
1013146178318 -1.778946 9.945818 3.399870
1013406148380 -0.282524 8.401510 2.786936
1013666115744 0.940950 11.626598 4.288146
1013926083872 0.428575 7.455772 3.201145
1014186052766 0.339987 10.958596 4.951360
1014446021262 -0.196331 7.836462 4.067873
1014705988525 -0.399844 10.881979 3.790137
1014965957687 -0.469278 7.652102 4.391100
1015225929516 -0.210696 10.506078 4.577853
1015485900978 -0.371113 7.814913 4.175615
1015745868374 0.134079 10.774237 4.127730
1016005836436 -0.459701 7.491686 4.314483
1016265807830 -0.117319 10.190034 3.840417
1016525779226 -0.845179 8.118986 3.272974
1016785746990 -0.280130 10.079897 3.907456
1017045714553 0.715888 9.478934 3.773377
1017305683414 0.562655 9.507666 3.591412
1017565652175 1.331217 9.438231 4.419831
1017825619838 0.598569 8.887548 2.638491
1018085587433 0.677580 8.746285 5.700768
1018345558494 0.265765 8.202785 2.604971
1018605529857 -0.747014 9.522031 3.811686
1018865498753 -0.612934 8.593052 2.846793
1019125466082 0.287313 11.463788 2.942564
1019385434745 0.351958 8.078283 2.834821
1019645403573 0.299284 10.822123 4.711933
1019905371635 0.105348 7.843644 3.435784
1020165338997 -0.814053 10.632975 4.479688
1020425309292 0.088588 7.941810 4.225895
1020685281153 -0.344776 9.988914 3.569864
1020945251415 -1.055875 8.269825 2.688771
1021205218744 -0.493221 9.830893 3.646481
1021465188139 1.075029 9.550762 4.039142
1021725159434 -0.189148 9.387952 3.675212
1021985130130 -0.433364 9.366403 2.205127
1022245097361 0.028731 9.845258 3.457333
1022505065356 0.237033 9.330489 2.911438
1022765034183 0.210696 9.495694 3.545921
1023025003011 -0.332804 9.562734 3.253819
1023304967808 -0.373507 9.536397 3.148471
1023564936469 0.177176 9.462174 2.588211
1023824908030 0.107742 9.138947 3.040729
1024084879059 -0.124502 9.335278 4.917840
1024344846424 -0.325621 8.633755 2.652857
1024604814286 0.064645 9.352037 4.802915
1024864783214 0.553077 8.456578 2.741445
1025124751975 -0.529135 9.701602 4.429409
1025384719405 -0.107742 8.559532 2.695953
1025644687233 0.845179 10.884374 4.292935
1025904658995 0.189148 8.047157 2.581028
1026164630790 -0.622511 11.157321 2.317658
1026424599086 0.150839 8.078283 3.433390
1026684566615 -0.490826 11.198023 2.523566
1026944537610 -0.196331 7.752662 3.210722
1027204508906 0.375901 10.616215 4.151672
1027464477869 -0.069434 8.399116 3.907456
1027724445298 0.186753 10.539598 4.898686
1027984413791 0.268159 8.205180 4.400677
1028244382653 -0.332804 9.500483 3.162837
1028504350716 0.402238 9.000079 3.759012
1028764318245 -0.038308 9.512454 3.421419
1029024288341 1.151646 9.399923 3.505218
1029284259570 -0.354353 8.885154 2.576240
1029544229500 0.019154 9.261055 5.736682
1029804196763 -0.888276 8.621783 3.198751
1030064165057 0.399844 9.624985 7.031985
1030324344775 0.263370 8.315316 2.631308
1030584313303 -0.775745 10.302565 4.261809
1030844280566 -0.213090 8.051947 2.660039
1031104249828 0.735042 11.617022 3.328042
1031364221657 0.172388 7.848433 2.633702
1031624193018 -0.701523 11.075915 2.710319
1031884160448 0.174782 8.042369 2.825244
1032144128644 0.651243 11.712792 2.219493
1032404100138 0.150839 8.224334 2.868341
1032664071368 -0.028731 11.004087 3.787743
1032924038898 0.093377 7.755056 3.713520
1033184006526 -0.296890 11.176475 3.493247
1033443975353 -0.301679 7.450983 4.541939
1033703944181 0.289707 10.838882 4.589825
1033963911912 -0.675186 7.644919 3.687183
1034223879573 -0.071828 10.908316 5.509226
1034483850902 -0.438152 7.233104 4.424620
1034823813197 -0.715888 11.296188 2.391881
1035083780528 -0.019154 7.714354 2.983266
1035343748155 0.023943 11.463788 1.376708
1035603717116 0.179571 7.862799 3.093403
1035863685877 0.476461 11.257880 5.303319
1036123653375 0.181965 8.013638 3.881119
1036383621236 -0.459701 11.095070 3.895485
1036643592898 -0.035914 7.606611 4.685596
1036903564792 -0.426181 10.702409 4.393494
1037163533189 -0.543500 7.836462 2.691165
1037423500651 -0.304073 11.159715 4.970514
1037683471479 -0.308861 7.489292 3.493247
1037943442775 -0.284919 10.065532 4.096604
1038203411871 -0.778139 8.454185 3.658452
1038463379334 -0.055068 10.166091 3.871542
1038723347728 0.277736 9.105427 3.023969
1038983316623 -0.052674 9.651321 3.134106
1039243284819 -0.442941 9.507666 3.196357
1039503252315 -0.742225 9.014444 2.648068
1039763222377 0.593780 9.493299 2.813273
1040023194106 0.359141 8.930645 3.117346
1040283164701 -0.263370 9.672871 3.984073
1040543132130 -0.945739 8.506859 2.583422
1040803101092 -0.203513 9.366403 4.328849
1041063072420 0.265765 8.727132 2.621731
1041323043416 -0.351958 9.447808 6.349617
1041583010646 -0.974470 8.470944 2.825244
1041842978508 -0.026337 10.043983 6.433416
1042102947369 -0.165205 8.056735 2.023162
1042362916229 -1.436565 10.539598 2.197944
1042622883592 -0.160416 8.056735 2.379909
1042882851654 0.588992 11.351257 3.620143
1043142823048 0.138868 7.901107 2.454132
1043402794445 -0.799688 11.327314 1.929785
1043662762209 0.138868 8.008849 2.971295
1043922729738 0.316044 11.966585 2.109356
1044182698566 0.158022 7.628160 2.557086
1044442667394 0.110137 11.329708 3.495641
1044702635024 -0.344776 8.128563 4.302512
1044962602652 -0.617723 10.886767 3.797320
1045222574047 0.189148 7.831673 3.955342
1045482545942 -0.011971 10.185245 4.371946
1045742515005 -0.861939 8.128563 2.942564
1046002482400 -0.208302 10.532414 4.728693
1046262452761 -0.110137 7.731113 3.761406
1046522423989 -0.735042 10.106234 4.178010
1046782393652 -1.015172 8.181237 3.368745
1047042361048 -0.052674 10.120600 3.797320
1047302329309 0.533923 8.846846 4.527574
1047562298070 -0.201119 9.629773 4.106181
1047822266532 -0.275342 9.426260 3.270579
1048082233927 -0.292102 9.802161 3.849994
1048342203421 0.584203 9.179649 2.552297
1048602174750 -0.201119 9.392740 3.356773
1048862145180 0.146051 9.500483 4.355186
1049122112643 -0.699128 8.930645 2.724685
1049382080570 0.088588 9.478934 3.629721
1049642049432 -0.076617 8.621783 2.875524
1049902018160 -0.301679 9.466963 5.425426
1050161985490 -0.454912 8.933040 2.547508
1050421953951 -0.213090 8.983319 5.157268
1050681925545 -0.260976 8.454185 2.885101
1050942090845 -0.632089 9.507666 6.651295
1051202058277 -0.885882 8.533195 2.466103
1051462059304 -0.253793 9.486116 7.968146
1051722461368 -0.160416 7.807730 2.296109
1051982863562 -0.646454 9.696813 6.806923
1052242930994 -0.454912 8.037580 2.365544
1052502898755 -0.217879 9.653716 6.471725
1052762870582 0.122108 8.482916 2.355966
1053022842344 -1.166012 9.538791 5.693585
1053282810874 -0.670397 8.250671 2.681588
1053542778369 0.368718 10.127783 6.842837
1053802749130 -0.210696 7.733508 2.832427
1054062720359 -1.041510 10.120600 2.561874
1054322689656 0.007183 7.994483 2.494834
1054582657018 0.553077 10.721562 6.402291
1054842625445 0.083800 7.647314 2.384698
1055102594273 -1.470085 10.324113 2.102173
1055362562469 -0.201119 7.771816 2.300898
1055622529965 0.011971 11.083098 5.856396
1055882499827 -0.268159 7.858010 2.267378
1056142471656 -0.912219 10.901134 2.911438
1056402442318 -0.354353 7.711959 2.166819
1056699905013 0.158022 11.765467 2.880313
1056942542743 0.196331 7.786181 2.360755
1057185183006 -0.275342 11.308160 3.842811
1057442320968 -0.234639 7.853221 2.978478
1057702288265 -0.969681 11.511673 1.357554
1057962256126 0.158022 7.525206 3.148471
1058222224987 0.148445 11.396749 5.241067
1058482193948 -0.217879 7.532389 3.098191
1058742161245 -0.462095 11.013664 4.166038
1059002129241 0.160416 7.759845 4.745453
1059262100768 -0.284919 10.580300 4.170827
1059522072064 -0.919402 7.659285 3.672817
1059782039828 -0.086194 10.846065 4.759819
1060042097647 -0.227456 7.604217 4.127730
1060302066474 -0.277736 10.546781 4.740664
1060562035401 -1.137281 8.193209 3.351985
1060822003032 -0.124502 10.247497 3.318465
1061081970527 0.668003 8.724737 3.002421
1061341941890 -0.330410 9.929058 3.600989
1061601913652 -0.567443 9.009656 2.224281
1061861882748 0.167599 10.304958 4.778973
1062121850277 0.670397 8.861211 2.348783
1062381820438 -0.289707 9.507666 3.641692
1062641791767 -0.426181 9.225141 2.818061
1062901761530 -0.428575 9.215564 2.719896
1063181726426 0.610540 8.710372 4.024776
1063441694755 -0.579414 9.361614 4.199558
1063701663616 -0.703917 9.067119 3.162837
1063961631911 -0.205908 9.397529 4.031959
1064221599306 0.845179 9.258660 2.193156
1064481568934 -0.028731 9.397529 4.079844
1064741540229 -0.328016 9.210775 2.126116
1065001510691 -0.646454 8.961771 3.249031
1065261477988 0.617723 9.725544 4.012805
1065521446117 0.014366 8.672064 2.971295
1065781414878 -0.246610 9.581888 7.702382
1066041383606 -1.245023 8.327288 2.042316
1066301350902 0.404632 10.395941 5.329656
1066561319597 -0.507586 7.479714 2.075836
1066821291025 -1.094184 10.343267 1.513182
1067081262121 0.294496 7.515629 1.235446
1067341229486 1.297697 11.815746 2.628914
1067601197247 0.873910 7.793365 3.320859
1067861166108 1.142069 11.193234 4.812492
1068121134903 0.866727 8.085466 5.205153
1068381102267 -0.775745 10.235525 4.939389
1068641070094 0.150839 7.472532 4.118153
1068901041988 -0.421392 10.022434 4.364763
1069161013783 -0.387873 8.882759 3.790137
1069420982180 -0.143656 9.715967 4.513208
1069680949675 1.391074 9.287392 3.347196
1069940920502 -0.090982 8.976136 3.636904
1070200891898 0.486038 9.914692 2.353572
1070460860928 -0.169994 9.215564 3.476487
1070720828357 0.086194 8.921068 2.583422
1070980796852 0.023943 8.918674 3.124529
1071240765647 -0.172388 9.550762 4.271386
1071500733709 -0.134079 8.554744 3.100586
1071760701238 0.093377 9.117398 5.324867
1072020671132 -0.067040 8.447001 2.130905
1072280642461 -0.909824 9.210775 6.170046
1072540612491 -0.469278 8.356019 1.826832
1072800579787 1.012778 10.522838 5.715134
1073060548049 0.265765 7.884347 2.609760
1073320516877 -0.696734 10.551569 2.944958
1073580485372 0.047885 8.095043 2.523566
1073840452802 0.663214 11.650541 4.264204
1074100421930 -0.052674 7.874770 2.851581
1074360393724 0.205908 11.140561 3.493247
1074620365185 -0.122108 7.616188 3.189174
1074880332615 -0.249005 11.348863 3.871542
1075140300843 -0.059857 7.793365 4.960938
1075400272337 -0.067040 10.592272 4.539545
1075660243532 -0.249005 7.699988 3.845205
1075920211130 -0.014366 10.563540 4.391100
1076180178724 0.277736 8.186026 5.049526
1076440147551 -0.380690 9.876384 4.204347
1076700116479 -0.272947 8.660092 3.222694
1076960083977 0.505192 9.727939 3.914639
1077220051572 0.888276 9.213169 2.959324
1077480022833 0.320833 9.083879 3.749434
1077739994129 0.689551 9.725544 5.583449
1077999962659 -0.189148 8.511647 3.136500
1078259930155 0.833208 8.260248 6.213143
1078519898749 -0.299284 8.578687 3.490853
1078779867610 -0.260976 9.205987 8.384750
1079039835707 -0.885882 7.953781 1.920208
1079299803102 -0.210696 9.842864 7.412675
1079559773764 -0.696734 7.671257 2.616942
1079819745560 -0.797293 10.577906 2.679193
1080079715555 -0.158022 7.398309 2.025557
1080339682917 0.747014 11.746312 5.023189
1080599837420 0.339987 7.767027 2.624125
1080859808748 -0.974470 10.865219 1.374314
1081119779277 -0.138868 7.216344 3.093403
1081379746474 0.754197 12.050385 4.551517
1081639714468 0.277736 7.637737 3.040729
1081899683362 -0.881093 11.109435 2.537931
1082159652057 0.160416 7.764633 3.177203
1082419619421 0.687157 12.122213 1.618530
1082679588016 -0.521952 7.379155 2.499623
1082939559510 -0.677580 11.279428 3.440573
1083199530640 0.186753 7.486897 3.359168
1083459498004 -0.296890 11.624205 1.692752
1083719465697 -0.177176 7.477320 3.447756
1083979434658 0.086194 10.695226 4.532362
1084239803385 -0.679974 7.644919 4.003228
1084500204112 -0.739831 10.616215 4.786155
1084760338640 -0.019154 7.805336 4.862772
1085020310402 -0.742225 10.055954 3.962525
1085280282229 -1.149252 8.475733 3.000026
1085540250627 -0.366324 10.197216 4.587430
1085800218022 0.541106 9.045570 3.129317
1086060188916 -0.090982 10.046377 4.838830
1086320160145 -0.826025 9.024022 1.517970
1086580129308 -0.471672 9.715967 3.639298
1086840096704 0.735042 9.407105 2.375121
1087100065199 -0.093377 9.323306 3.246637
1087360034026 -0.155628 9.397529 4.003228
1087620002322 -0.471672 9.035994 3.282551
1087879969717 -0.038308 9.124581 5.703163
1088139939579 0.088588 8.329682 2.504411
1088399910908 -1.448536 9.505271 5.078257
1088659880937 -0.229850 8.102226 2.762993
1088919848301 -0.471672 10.348056 7.532389
1089179816428 -0.179571 7.273807 2.209916
1089439785322 -1.254600 10.541992 3.581835
1089699753884 0.313650 7.671257 2.906650
1089959721214 0.938556 11.456605 5.042343
1090219690176 -0.189148 7.254653 2.980872
1090479662137 -0.249005 11.344074 3.170020
1090739633531 0.102954 7.683228 2.762993
1090999600962 -0.272947 12.131790 1.527547
1091259569057 0.268159 7.532389 2.154847
1091519540484 -0.079011 11.212389 3.696760
1091779511780 0.088588 6.991282 2.648068
1092039479545 -0.260976 11.966585 2.475680
1092299447073 0.138868 7.259441 3.751829
1092559416034 -0.143656 10.735929 4.429409
1092819384895 -0.205908 7.245076 3.615355
1093079352492 -0.301679 11.530828 3.579441
1093339320054 -0.258582 7.137333 4.549122
1093599291214 0.251399 10.453403 4.984880
1093859262510 -0.328016 8.145323 3.416630
1094119231274 0.043097 10.654523 4.302512
1094379198635 -0.184359 8.200391 4.103787
1094639167296 -0.818842 9.730332 4.340820
1094899136124 -0.679974 9.289786 2.358361
1095159104086 -0.067040 9.792584 4.027170
1095419071581 1.470085 9.378374 1.776552
1095679041943 -0.150839 8.842057 3.340013
1095939013737 -0.100560 9.574705 1.625713
1096198983899 -0.488432 9.318518 3.864360
1096458951295 1.175589 9.263450 2.384698
1096718920723 -0.100560 9.620196 4.553911
1096978892185 0.122108 9.833286 3.268185
1097238862614 -0.260976 9.445415 4.120547
1097498829878 1.144463 9.586677 3.229877
1097758797905 -0.533923 9.033599 3.514795
1098018766732 -0.802082 9.095850 4.319272
1098278735627 -0.639271 9.495694 3.912245
1098538702824 0.009577 8.911490 5.710345
1098798671386 0.363930 8.557138 1.970488
1099058643347 -0.962498 9.031204 7.360001
1099318615076 -0.521952 8.609812 2.669616
1099578582639 0.325621 9.577099 7.194796
1099838550435 -0.093377 7.925050 2.777359
1100098521796 -0.538712 9.873989 5.456553
1100358493125 -0.141262 8.001666 2.327235
1100618461322 0.442941 10.599455 5.621757
1100878428917 0.541106 7.551543 2.102173
1101138397744 -0.660820 11.401537 2.056682
1101398605180 0.349564 7.441406 2.698348
1101678570544 1.340794 12.091087 3.507613
1101938537972 0.974470 7.510840 3.328042
1102198509167 0.545895 10.814939 4.992063
1102458480396 0.035914 7.778999 4.240261
1102718449326 -0.483644 10.190034 6.129344
1102978416755 1.529942 9.024022 2.418218
1103238385283 -0.747014 9.833286 4.261809
1103498354178 -0.545895 9.074302 2.169213
1103758322275 -0.258582 9.112610 4.122941
1104018289737 0.430969 9.332883 5.475707
1104278259998 -0.703917 8.664881 2.770176
1104538231827 -0.629694 9.385557 7.711959
1104798201990 -0.500403 8.487704 2.755810
1105058169453 -0.131685 9.785401 6.392714
1105318138615 -0.948133 7.891530 2.418218
1105578110010 -1.101366 9.481328 6.294549
1105838080805 -0.399844 8.063917 2.674405
1106098048002 0.691945 11.250697 5.674431
1106358015897 0.007183 7.604217 2.169213
1106617984791 -1.544307 10.889162 1.606558
1106877953552 0.138868 7.963358 2.868341
1107137920916 0.007183 11.978557 1.482056
1107397889211 0.390267 7.525206 2.822850
1107657860705 -1.144463 10.946625 2.130905
1107917831968 0.007183 7.472532 3.150866
1108177799499 0.105348 11.719975 1.745426
1108437767127 0.390267 7.585063 2.499623
1108697736088 -0.129291 11.664907 4.240261
1108957704882 0.146051 7.278595 3.483670
1109217672413 0.229850 12.261082 2.343995
1109477640074 0.253793 7.403098 3.579441
1109737611638 -0.320833 10.661706 4.704750
1109997583566 -0.375901 7.529994 4.079844
1110257552296 -0.411815 11.219572 4.024776
1110517519725 -0.665608 7.053534 4.486871
1110797488052 0.002394 10.647340 4.759819
1111057459415 -0.122108 7.676045 4.352792
1111317428445 0.718282 10.755082 4.735876
1111577395874 0.900247 7.843644 4.024776
1111837364336 -0.433364 9.924269 4.103787
1112097333130 0.122108 8.382356 3.639298
1112357301393 0.028731 10.173274 4.635316
1112617268821 1.654444 9.337671 5.954561
1112877238716 -0.782928 9.438231 4.302512
1113137210012 -0.392661 8.834874 2.997632
1113397180108 -0.691945 9.454991 3.694366
1113657147371 1.362342 9.174861 3.538738
1113917115667 -0.790111 9.328094 4.309695
1114177084495 -0.847573 8.662486 5.590631
1114437053023 -0.562655 8.614601 2.887496
1114697020353 0.488432 9.749487 6.033573
1114956989315 -0.524346 8.528407 2.765387
1115216961243 -0.830813 9.500483 6.062304
1115476932637 -0.387873 8.681641 3.442967
1115736900101 0.330410 9.921875 6.524399
1115996868296 -0.057463 8.190814 2.770176
1116256839790 -1.235446 10.194822 2.779753
1116516811019 -0.481249 8.408693 3.031152
1116776778784 1.168406 11.277035 6.610593
1117036746311 -0.375901 7.546754 2.042316
1117296715172 -1.158829 11.162109 1.879506
1117556684000 0.191542 7.462955 2.348783
1117816651563 0.356747 12.047991 2.528354
1118076619225 -0.011971 7.422252 2.487652
1118336590386 -0.878699 11.497308 2.145270
1118596561582 0.191542 7.664073 2.691165
1118856530313 0.361535 12.229956 1.745426
1119116497775 -0.232245 7.175642 2.509200
1119376466402 -0.600963 11.300977 2.442160
1119636435297 -0.002394 7.264230 2.645674
1119896403226 -0.009577 11.928277 2.051893
1120156370754 -0.009577 7.146910 3.205934
1120416341249 -0.169994 11.406325 3.735069
1120676312944 -0.076617 7.546754 3.651269
1120936283039 -0.234639 11.358439 4.125336
1121196250468 -0.342381 6.680027 4.278569
1121456219896 0.134079 10.671283 4.470111
1121716191325 -1.166012 7.697594 3.952948
1121976402033 -0.732648 10.530021 4.106181
1122236369363 -0.366324 7.661679 4.369552
1122496337357 -0.536318 10.371999 3.359168
1122756306251 -0.356747 8.600235 3.014392
1123016274946 -0.272947 10.029617 3.407053
1123276242277 0.114925 9.244295 4.446168
1123536210805 -0.026337 9.672871 3.316071
1123796182299 -0.744619 9.050359 2.090202
1124056153429 -0.483644 9.409500 2.784542
1124316120793 0.785322 9.304152 3.122134
1124576088654 -0.249005 9.340066 3.617749
1124836057448 -0.560260 9.610620 2.683982
1125096026309 -0.593780 9.397529 3.181991
1125355993807 0.356747 9.591465 2.650462
1125615961602 0.033520 8.923462 2.420612
1125875933264 -0.330410 9.636956 2.985661
1126135905158 -0.792505 8.509253 2.511594
1126395873588 -0.019154 9.390346 6.433416
1126655841050 -0.407027 7.697594 1.946545
1126915811845 -1.410228 9.617802 6.471725
1127175783074 -0.840390 8.092649 2.516383
1127435752337 0.368718 10.295382 6.160469
1127695719699 -0.435758 7.565908 2.470892
1127955688193 -1.328822 10.575512 4.178010
1128215657054 -0.184359 7.855616 2.547508
1128475625217 0.165205 11.162109 5.751048
1128735592612 0.210696 7.360001 1.666415
1128995562508 -0.782928 11.712792 2.272167
1129255533836 0.225062 7.345635 3.035940
1129515503965 0.069434 11.791803 1.932180
1129775471262 0.002394 7.180430 3.373533
1130035439356 -0.375901 11.073521 4.307301
1130295408317 -0.055068 7.774210 4.405466
1130555376846 -0.244216 11.432662 3.301705
1130815344210 -0.119714 7.245076 4.197164
1131075313205 0.059857 10.850853 5.174028
1131335285100 -0.344776 7.546754 4.149278
1131595256529 0.074223 11.243514 5.348810
1131855224026 -0.440547 6.902694 4.867561
1132115191987 -0.177176 10.292988 4.139701
1132375163481 -1.177983 7.735902 2.904255
1132635134810 -1.070241 10.477346 3.885908
1132895102540 -0.330410 8.209969 4.072661
1133155070102 -0.562655 10.067925 3.095797
1133415038996 -1.067847 8.509253 1.913026
1133675007757 -0.371113 9.507666 3.134106
1133934975454 0.893064 9.502876 2.645674
1134194942915 -0.457306 9.079090 3.909851
1134454914042 0.028731 9.670476 5.291348
1134714885405 -0.543500 8.686429 2.772570
1134974854235 0.153234 9.454991 6.253846
1135234821697 0.213090 8.035186 2.727079
1135494790225 -0.313650 9.658504 4.204347
1135754758986 0.316044 8.209969 2.844398
1136014727082 1.175589 10.745505 3.603384
1136274694544 0.387873 7.810124 3.201145
1136534664672 -1.388679 10.728745 2.655251
1136794636068 -0.225062 7.630554 2.674405
1137054605797 0.701523 11.863631 1.695147
1137314573127 0.342381 7.573091 3.055095
1137574541421 0.373507 11.253092 5.130931
1137834510282 -0.974470 7.838856 4.520391
1138094478644 -0.622511 10.609032 4.065479
1138354446008 0.332804 8.456578 4.508420
1138614415336 -0.512375 9.979338 3.620143
1138874387264 -0.866727 8.741497 2.044711
1139134358492 -0.320833 9.852441 4.218712
1139394325821 1.065452 9.433443 1.910631
1139654294416 -0.368718 9.203592 3.885908
1139914265777 -0.409421 9.395134 3.261002
1140174237107 -0.830813 8.980925 3.167626
1140434204505 1.017567 9.062330 3.723097
1140694172200 -0.814053 8.679246 3.330436
1140954141027 -0.505192 9.555551 5.662460
1141214109988 -0.615329 8.775017 3.735069
1141474077319 -0.160416 9.232324 6.110189
1141734045014 -0.442941 8.327288 2.475680
1141994016676 -1.395862 9.155706 6.404685
1142253988437 -0.572232 7.913078 1.795706
1142513957200 0.062251 10.395941 7.934627
1142774114421 -0.081405 7.951386 1.996825
1143034085149 -1.295303 10.692831 3.924217
1143294056445 0.088588 8.135746 2.164424
1143554025708 1.115732 11.284217 5.437398
1143813993070 0.153234 7.628160 2.035134
1144073961531 -0.893064 11.078310 2.487652
1144333930292 0.428575 7.826884 2.569057
1144593898554 0.284919 11.612233 1.867534
1144853866016 0.014366 7.448589 2.724685
1145113835677 0.363930 10.764660 4.723904
1145373807073 -0.174782 7.582668 3.890697
1145633777336 -0.938556 10.247497 5.138114
1145893744666 -0.835602 8.485310 4.960938
1146173710359 -1.283331 9.505271 4.034353
1146433679254 -1.297697 9.244295 3.751829
1146693647715 -0.069434 9.284998 2.693559
1146953615045 0.495615 8.992896 5.123748
1147213584306 0.052674 8.200391 2.741445
1147473556134 -0.840390 9.998491 4.415043
1147733527396 -0.555472 8.597841 2.803696
1147993494793 -0.134079 11.233937 3.383110
1148253463055 -0.442941 8.056735 3.282551
1148513434649 -0.258582 10.053560 4.541939
1148773405879 -0.799688 8.485310 3.615355
1149033373410 -0.344776 9.852441 3.902668
1149293341004 0.574626 8.913885 3.203540
1149553309899 -0.169994 8.918674 3.529161
1149813278761 -1.122915 9.708784 4.764607
1150073246392 -0.701523 8.743892 2.765387
1150333213919 -0.857150 8.973742 4.134912
1150593185146 -0.086194 8.588264 3.861965
1150853156509 -0.119714 8.504464 5.485283
1151113125006 -0.579414 8.356019 5.801328
1151373092535 -0.591386 8.193209 5.700768
1151633061095 -0.883487 8.633755 4.819675
