# Created at Mon Sep 23 20:31:03 GMT+09:00 2024
881258565660 0.547854 0.060442 0.133070 0.823707
881398548015 0.568709 0.091567 0.114059 0.809428
881538530374 0.586762 0.100722 0.103511 0.796774
881678514437 0.588170 0.106763 0.091199 0.796454
881818499034 0.570017 0.074115 0.100211 0.812123
881958483565 0.591045 0.065368 0.094805 0.798375
882098468063 0.583448 0.074861 0.091165 0.803537
882238451761 0.580896 0.081067 0.100054 0.803726
882418429158 0.575598 0.095485 0.116692 0.803711
882558411755 0.579845 0.101836 0.131014 0.797648
882698394485 0.584379 0.101568 0.144856 0.791960
882838377781 0.586460 0.099708 0.149783 0.789738
882978360912 0.578700 0.095851 0.143958 0.796990
883118344143 0.579148 0.088293 0.136160 0.798906
883258327340 0.590044 0.087562 0.112859 0.794633
883398309772 0.582867 0.093095 0.090291 0.802150
883538292170 0.569976 0.097573 0.086141 0.811286
883678274667 0.571716 0.096859 0.080930 0.810684
883818258531 0.573861 0.100231 0.097148 0.806969
883958243128 0.574467 0.094754 0.122668 0.803717
884098227726 0.566027 0.095197 0.157347 0.803612
884238212191 0.574101 0.089822 0.156638 0.798626
884378195955 0.583996 0.091555 0.143766 0.793660
884518178254 0.575521 0.093376 0.121333 0.803326
884658160685 0.572206 0.089344 0.099090 0.809183
884798143215 0.579052 0.079851 0.088343 0.806546
884938126446 0.585147 0.080636 0.095242 0.801267
885078109710 0.577986 0.083108 0.121426 0.802670
885218092907 0.571141 0.076080 0.133669 0.806313
885358076137 0.573603 0.074657 0.129983 0.805300
885498479909 0.584103 0.075491 0.120195 0.799172
885638462308 0.573678 0.073585 0.110401 0.808263
885778444838 0.566472 0.074754 0.100594 0.814494
885918428102 0.576013 0.072669 0.095030 0.808638
886078410766 0.586331 0.077687 0.109905 0.798812
886218395630 0.581839 0.074666 0.118128 0.801207
886358380462 0.579893 0.069995 0.119971 0.802764
886498364791 0.583689 0.074665 0.120763 0.799467
886638347190 0.587085 0.076783 0.107689 0.798647
886778329654 0.572008 0.081398 0.101691 0.809838
886918312152 0.575019 0.081021 0.096991 0.808319
887058296050 0.584235 0.085212 0.103854 0.800388
887198280680 0.584234 0.089530 0.123170 0.797172
887338265178 0.578810 0.080185 0.129425 0.801122
887478249810 0.580330 0.080057 0.125217 0.800704
887618233474 0.591478 0.081480 0.115035 0.793902
887758215773 0.577774 0.079290 0.101556 0.805962
887898198271 0.564836 0.077049 0.095173 0.816066
888038180768 0.569191 0.075281 0.091508 0.813621
888178163931 0.571922 0.077630 0.106924 0.809596
888318147161 0.558128 0.075928 0.126619 0.816513
888458130425 0.560366 0.070246 0.128225 0.815237
888598113622 0.567225 0.077224 0.128062 0.809871
888738096221 0.564738 0.083262 0.116600 0.812737
888878078586 0.551132 0.080580 0.104658 0.823896
889018061116 0.553376 0.075651 0.094499 0.824088
889158044348 0.559032 0.080392 0.098365 0.819355
889298029212 0.545988 0.089953 0.120044 0.824253
889438014176 0.546955 0.080295 0.126105 0.823704
889577998974 0.560853 0.078163 0.120901 0.815302
889717983472 0.576660 0.079455 0.113001 0.805220
889857965970 0.567632 0.073442 0.098791 0.814026
889997948468 0.565207 0.077914 0.088828 0.816443
890137930899 0.570375 0.081981 0.087285 0.812608
890277914529 0.567038 0.086206 0.103991 0.812540
890417899226 0.554052 0.082128 0.120802 0.819565
890557883757 0.556182 0.078569 0.121968 0.818297
890697868288 0.565901 0.085175 0.117383 0.811616
890837852319 0.561846 0.080834 0.101305 0.817026
890977834751 0.556643 0.080706 0.090212 0.821885
891117817182 0.563528 0.079965 0.084508 0.817862
891257799646 0.565437 0.083967 0.096579 0.814802
891397782776 0.550041 0.081117 0.117324 0.822866
891537765940 0.543290 0.076909 0.125873 0.826484
891677749137 0.551236 0.077569 0.129701 0.820547
891817732434 0.561716 0.077006 0.117930 0.815253
891957715099 0.544096 0.076426 0.107493 0.828590
892097697464 0.543849 0.073155 0.099709 0.830020
892237679994 0.553626 0.077998 0.105205 0.822402
892377663058 0.556119 0.089384 0.120311 0.817476
892517647688 0.544694 0.091637 0.138222 0.822073
892657632351 0.551881 0.083970 0.132845 0.818979
892797616850 0.565864 0.086781 0.126843 0.810047
892937601281 0.554133 0.088537 0.114726 0.819716
893077583713 0.546260 0.081610 0.104654 0.827034
893217566045 0.549643 0.078875 0.096186 0.826086
893357548642 0.554634 0.082612 0.105349 0.821253
893497531606 0.544379 0.083844 0.123013 0.825523
893637514803 0.540981 0.077867 0.128320 0.827532
893777498100 0.554031 0.081717 0.129893 0.818229
893917481297 0.558573 0.084921 0.118048 0.816608
894057464195 0.545824 0.094191 0.112009 0.825019
894197446461 0.551996 0.089597 0.105008 0.822341
894337429025 0.555884 0.089471 0.108534 0.819272
894477411622 0.549570 0.090317 0.122209 0.821510
894617396119 0.543387 0.092398 0.132136 0.823851
894757380749 0.544693 0.088046 0.134701 0.823050
894897365247 0.555118 0.088727 0.127319 0.817166
895037349878 0.545492 0.082574 0.115801 0.825959
895177332777 0.540574 0.083558 0.106422 0.830344
895317315143 0.547913 0.084742 0.103006 0.825832
895457297640 0.552248 0.088623 0.114649 0.820989
895597280337 0.543899 0.091349 0.133890 0.823347
895737263534 0.541346 0.089065 0.138784 0.824469
895877246764 0.550710 0.089456 0.137266 0.818457
896017229961 0.547824 0.091145 0.125494 0.822090
896157213225 0.542268 0.092827 0.110026 0.827781
896297195591 0.552409 0.092940 0.098396 0.822510
896437178022 0.559108 0.098590 0.105565 0.816415
896577160519 0.552256 0.098126 0.125158 0.818363
896717144551 0.553559 0.086744 0.129134 0.818151
896857129415 0.561009 0.084428 0.127376 0.813581
896997114246 0.574122 0.080003 0.111696 0.807159
897137099142 0.562773 0.077102 0.097212 0.817245
897277083073 0.554954 0.075956 0.085481 0.823983
897417065372 0.547736 0.080738 0.086613 0.828229
897557047869 0.549073 0.085333 0.104224 0.824847
897697030334 0.550168 0.084578 0.115615 0.822674
897837014664 0.558380 0.078575 0.118350 0.817331
897976999327 0.571223 0.082245 0.113822 0.808692
898116983825 0.564321 0.077550 0.101119 0.815660
898256968356 0.558313 0.073955 0.091160 0.821283
898396951588 0.558177 0.074443 0.087152 0.821766
898536933953 0.564540 0.080417 0.097982 0.815613
898676916484 0.553466 0.077746 0.116699 0.820982
898816899115 0.548249 0.069407 0.122699 0.824348
898956882379 0.559526 0.068108 0.119252 0.817355
899096865576 0.559180 0.069683 0.109567 0.818813
899236848740 0.547755 0.069931 0.102225 0.827419
899376831970 0.549434 0.066540 0.096542 0.827268
899516814368 0.555431 0.077382 0.104817 0.821292
899656796866 0.545909 0.082246 0.122201 0.824794
899796779363 0.538859 0.069242 0.125487 0.830113
899936763060 0.545204 0.072158 0.123547 0.826003
900076747724 0.557456 0.070480 0.110494 0.819796
900216732322 0.544117 0.073715 0.098860 0.829896
900356716820 0.551894 0.073328 0.091484 0.825630
900496700718 0.556011 0.080306 0.093609 0.821972
900636683050 0.555537 0.093424 0.108888 0.819020
900776665481 0.544061 0.088248 0.126119 0.824805
900916647978 0.539764 0.081252 0.126800 0.828235
901056631175 0.546799 0.078699 0.119887 0.824889
901196614472 0.540999 0.067535 0.105736 0.831611
901336597636 0.532241 0.063610 0.096231 0.838696
901476580866 0.536884 0.067166 0.090359 0.836109
901616563531 0.546138 0.075487 0.098041 0.828506
901756545863 0.541294 0.080029 0.115446 0.829016
901896528427 0.541124 0.075178 0.119197 0.829049
902036511524 0.552675 0.078086 0.116577 0.821499
902176496322 0.551345 0.080615 0.109917 0.823065
902316481186 0.539137 0.077650 0.097952 0.832890
902456465949 0.541697 0.070506 0.088461 0.832926
902596450612 0.545677 0.070368 0.099768 0.829053
902736433211 0.543143 0.073400 0.119369 0.827863
902876415676 0.537823 0.073636 0.131118 0.829536
903016398240 0.542924 0.074459 0.130614 0.826213
903156381704 0.552779 0.068137 0.120961 0.821681
903296366301 0.545532 0.068121 0.102429 0.829012
903436350865 0.540187 0.068476 0.087886 0.834137
903576335396 0.546692 0.078299 0.086800 0.829133
903716319460 0.556350 0.094650 0.101565 0.819268
903856301859 0.556988 0.090210 0.117276 0.817234
903996284357 0.562022 0.082121 0.119806 0.814268
904136266888 0.569671 0.078000 0.114911 0.810053
904276249985 0.562504 0.076175 0.105181 0.816531
904416233248 0.561841 0.073555 0.093368 0.818661
904556216479 0.562970 0.070786 0.090303 0.818473
904696199676 0.569913 0.072500 0.098609 0.812538
904836182373 0.563525 0.071930 0.111942 0.815312
904976164705 0.550991 0.067980 0.121897 0.822756
905116147202 0.555291 0.070925 0.116928 0.820334
905256130133 0.554916 0.067820 0.108013 0.822071
905396114696 0.545867 0.071425 0.099728 0.828843
905536099393 0.548035 0.069722 0.089465 0.828728
905676083825 0.552743 0.073249 0.091376 0.825081
905816068322 0.544118 0.080636 0.109750 0.827881
905956050921 0.539358 0.077248 0.118890 0.830054
906096033253 0.548253 0.074732 0.118420 0.824505
906236142669 0.564648 0.066745 0.105928 0.815779
906376125532 0.548745 0.075379 0.097209 0.826889
906516108862 0.548410 0.069095 0.088717 0.828614
906656092092 0.554941 0.072348 0.088513 0.823997
906796075289 0.555127 0.080561 0.107362 0.820863
906936058353 0.541424 0.081221 0.119264 0.828274
907076040686 0.539176 0.074270 0.119189 0.830401
907216023150 0.552789 0.071538 0.113575 0.822439
907356005714 0.544527 0.072442 0.104599 0.829035
907495990178 0.540636 0.066635 0.091558 0.833600
907635975042 0.548537 0.068208 0.087332 0.828750
907775959806 0.554463 0.074684 0.098345 0.822995
907915944770 0.545781 0.078306 0.118203 0.825843
908055928134 0.539194 0.074925 0.126425 0.829259
908195910466 0.546435 0.073573 0.122986 0.825147
908335892996 0.555202 0.063976 0.110629 0.821838
908475875760 0.537569 0.068938 0.104419 0.833884
908615860290 0.538359 0.057995 0.094394 0.835401
908755844920 0.541508 0.058188 0.095486 0.833225
908895829452 0.530207 0.067516 0.112354 0.837674
909035814016 0.524845 0.063654 0.118608 0.840486
909175796748 0.532429 0.067010 0.119429 0.835323
909315779080 0.553926 0.070314 0.110991 0.822132
909455761577 0.539970 0.074980 0.104807 0.831760
909595744340 0.527574 0.071247 0.095755 0.841082
909735727537 0.534179 0.065750 0.088369 0.838164
909875710834 0.539805 0.070573 0.098580 0.833013
910015694031 0.531308 0.071218 0.120404 0.835548
910155677129 0.532773 0.062921 0.128745 0.834037
910295659428 0.544916 0.066003 0.127490 0.826108
910435641959 0.542771 0.058280 0.111882 0.830352
910575624490 0.527589 0.057782 0.094634 0.842232
910715608721 0.532133 0.053191 0.085253 0.840676
910855593418 0.541974 0.061896 0.095318 0.832674
910995577949 0.541142 0.073069 0.125450 0.828304
911135562414 0.533153 0.069830 0.143211 0.830879
911275545779 0.539256 0.072968 0.143398 0.826628
911415528111 0.550561 0.064781 0.131947 0.821751
911555510575 0.535236 0.051700 0.113101 0.835497
911695493172 0.530331 0.056248 0.107046 0.839122
911835476469 0.542733 0.062588 0.108936 0.830455
911975459699 0.546462 0.075470 0.133033 0.823398
912115442896 0.540343 0.078469 0.150003 0.824239
912255426160 0.539237 0.072738 0.148681 0.825727
912395408626 0.552289 0.071330 0.137911 0.819065
912535391024 0.538577 0.073510 0.123986 0.830155
912675373554 0.531957 0.066438 0.108486 0.837160
912815357086 0.538186 0.065695 0.101325 0.834129
912955341950 0.548391 0.067698 0.111533 0.825980
913095326780 0.547119 0.067745 0.129719 0.824162
913235311644 0.539518 0.065887 0.140681 0.827518
913375295941 0.542191 0.063627 0.134274 0.827013
913515278339 0.553288 0.056278 0.114535 0.823156
913655260803 0.540426 0.064541 0.109015 0.831799
913795243301 0.544256 0.063589 0.107494 0.829570
913935227232 0.552341 0.071558 0.109997 0.823224
914075211829 0.548269 0.080380 0.128236 0.822493
914215196460 0.538537 0.076528 0.136865 0.827882
914355180991 0.540013 0.073326 0.134394 0.827615
914495164655 0.552382 0.073028 0.124151 0.821052
914635146954 0.536296 0.073217 0.106901 0.834024
914775129452 0.527297 0.066329 0.092550 0.842016
914915111949 0.532118 0.063312 0.085023 0.840007
915055095212 0.532963 0.064351 0.098555 0.837911
915195078442 0.520441 0.068457 0.116442 0.843146
915335061606 0.522209 0.061886 0.124068 0.841471
915475044836 0.533377 0.064610 0.125129 0.834072
915615027368 0.531406 0.064246 0.112860 0.837103
915755009766 0.515961 0.061589 0.101344 0.848362
915894992329 0.529691 0.052330 0.081943 0.842599
916034975594 0.542448 0.059425 0.086859 0.833471
916174960224 0.539800 0.063617 0.106264 0.832631
916314944854 0.530290 0.057892 0.121719 0.837033
916454929319 0.534668 0.055163 0.121838 0.834411
916594913583 0.547341 0.048395 0.109098 0.828355
916734896015 0.530244 0.049921 0.095024 0.841022
916874878380 0.527276 0.046504 0.083269 0.844323
917014860944 0.535941 0.046901 0.081779 0.838975
917154843941 0.538085 0.062027 0.104391 0.834097
917294827238 0.527296 0.068557 0.125586 0.837547
917434810468 0.534810 0.063658 0.129606 0.832542
917574793732 0.552848 0.066634 0.128852 0.820557
917714776564 0.543936 0.065211 0.112596 0.828976
917854758863 0.543016 0.057688 0.092084 0.832661
917994741393 0.553012 0.057851 0.085007 0.826804
918134724224 0.559530 0.071912 0.096489 0.820026
918274708921 0.551757 0.079171 0.119485 0.821595
918414693785 0.545138 0.072174 0.126043 0.825668
918554678583 0.556490 0.069031 0.118912 0.819397
918694663414 0.556972 0.069107 0.109536 0.820370
918834646279 0.540980 0.071284 0.098879 0.832154
918974628677 0.549888 0.063399 0.091818 0.827751
919114611274 0.555259 0.063798 0.094905 0.823777
919254594204 0.545000 0.069984 0.115412 0.827500
919394578834 0.534757 0.067508 0.121774 0.833455
919534563431 0.544379 0.065045 0.123436 0.827154
919674547896 0.564869 0.063374 0.117241 0.814346
919814532360 0.542297 0.073263 0.108285 0.829952
919954514825 0.536788 0.073687 0.098590 0.834690
920094497257 0.545960 0.070836 0.100250 0.828769
920234479787 0.534545 0.083546 0.122705 0.832000
920374462685 0.525832 0.081611 0.129638 0.836680
920514445915 0.541355 0.075815 0.128068 0.827516
920654429212 0.563462 0.074260 0.120607 0.813909
920794412409 0.561365 0.075690 0.100523 0.817945
920934395306 0.566157 0.067976 0.086333 0.816940
921074377672 0.570946 0.067739 0.084983 0.813762
921214360202 0.576206 0.068478 0.090107 0.809430
921354342766 0.573124 0.057498 0.084701 0.813048
921494327229 0.571277 0.027835 0.053730 0.818522
921634311926 0.575503 0.000739 0.007676 0.817762
921774296424 0.587538 -0.034917 -0.052006 0.806768
921914281021 0.565797 -0.082932 -0.132025 0.809669
922054263986 0.544465 -0.128127 -0.219079 0.799465
922194246318 0.537010 -0.166848 -0.284073 0.776584
922334228749 0.529678 -0.198886 -0.319933 0.759952
922474211513 0.513285 -0.233288 -0.347855 0.749073
922614194810 0.495916 -0.266568 -0.376027 0.735942
922754178007 0.488607 -0.292805 -0.411949 0.711213
922894161270 0.481492 -0.322624 -0.444695 0.682879
923034144467 0.460434 -0.327755 -0.477957 0.672408
923174126766 0.450745 -0.342614 -0.496439 0.658020
923314109197 0.450723 -0.347647 -0.499227 0.653270
923454091728 0.450193 -0.338075 -0.487815 0.667133
923594075726 0.437548 -0.343965 -0.483890 0.675344
923734060590 0.436434 -0.354981 -0.483114 0.670904
923874045387 0.442667 -0.367780 -0.483810 0.659325
924014030318 0.435138 -0.356281 -0.498336 0.659832
924154014216 0.423089 -0.360703 -0.515341 0.652158
924293996515 0.430887 -0.367984 -0.514841 0.643320
924433979112 0.440595 -0.371785 -0.499253 0.646836
924573961543 0.438095 -0.356447 -0.488518 0.665106
924713945873 0.431082 -0.357590 -0.480387 0.674925
924853930503 0.439411 -0.361400 -0.479774 0.667924
924993915035 0.440964 -0.368158 -0.487649 0.657425
925133899633 0.432754 -0.350816 -0.505052 0.659221
925273882865 0.429729 -0.357720 -0.515173 0.649588
925413865130 0.442192 -0.355883 -0.507674 0.648135
925553847627 0.448072 -0.336759 -0.494723 0.664133
925693830224 0.439133 -0.334549 -0.484803 0.678383
925833813454 0.446826 -0.341426 -0.477298 0.675247
925973796752 0.462341 -0.354798 -0.468507 0.663971
926113779949 0.449494 -0.345882 -0.489036 0.662694
926253763146 0.435133 -0.347788 -0.510743 0.654861
926393745511 0.439060 -0.357281 -0.517761 0.641481
926533727975 0.448993 -0.361002 -0.503401 0.643947
926673710505 0.441668 -0.354839 -0.487424 0.664405
926813694202 0.438696 -0.358958 -0.481953 0.668142
926953808054 0.445990 -0.364649 -0.479449 0.662005
927093792618 0.445545 -0.375264 -0.494247 0.645279
927233777116 0.443519 -0.359145 -0.504520 0.647892
927373760981 0.449371 -0.365064 -0.505597 0.639659
927513743347 0.459186 -0.359973 -0.496783 0.642473
927653725811 0.462034 -0.345384 -0.483001 0.658743
927793708342 0.453122 -0.339706 -0.473498 0.674595
927933691606 0.456364 -0.344638 -0.474256 0.669355
928073674836 0.459398 -0.360230 -0.482857 0.652713
928213658000 0.447203 -0.352862 -0.508007 0.646085
928353641264 0.440115 -0.355572 -0.525306 0.635546
928493623895 0.443846 -0.359719 -0.526142 0.629902
928633606227 0.453713 -0.355389 -0.509292 0.639111
928773588757 0.447472 -0.354146 -0.500789 0.650813
928913571854 0.440326 -0.367276 -0.498769 0.649961
929053556686 0.441002 -0.378218 -0.502898 0.639969
929193541550 0.438633 -0.378219 -0.519646 0.628107
929333526380 0.439805 -0.378664 -0.536592 0.612579
929473511010 0.439509 -0.385747 -0.544738 0.601074
929613493609 0.444084 -0.383535 -0.537670 0.605474
929753476040 0.440867 -0.375925 -0.525825 0.622755
929893458537 0.439440 -0.381336 -0.521138 0.624410
930033442068 0.446157 -0.382062 -0.516310 0.623213
930173426698 0.450970 -0.386781 -0.517372 0.615915
930313411296 0.442699 -0.370910 -0.529785 0.621103
930453395794 0.443321 -0.367475 -0.532594 0.620298
930593379858 0.446367 -0.365481 -0.525783 0.625085
930733362157 0.455081 -0.357797 -0.503450 0.641420
930873344655 0.447777 -0.344554 -0.488360 0.665042
931013327152 0.444149 -0.354786 -0.493095 0.658569
931153310282 0.445868 -0.368813 -0.505698 0.639880
931293293579 0.434839 -0.397405 -0.547596 0.594240
931433276743 0.412142 -0.399659 -0.597986 0.559305
931573259973 0.377249 -0.430237 -0.643924 0.507877
931713242638 0.356673 -0.453420 -0.671159 0.465552
931853225004 0.331871 -0.463888 -0.691951 0.442575
931993207534 0.286508 -0.477217 -0.725641 0.404500
932133190465 0.240056 -0.502844 -0.753872 0.348132
932273175162 0.201986 -0.524596 -0.773681 0.292263
932413159792 0.166964 -0.527575 -0.795003 0.248508
932553144257 0.140160 -0.516060 -0.819489 0.206090
932693128787 0.119045 -0.531370 -0.823626 0.158469
932833111386 0.110372 -0.543497 -0.819831 0.142492
932973093651 0.105053 -0.542836 -0.820484 0.145254
933113076181 0.091547 -0.534958 -0.826905 0.147194
933253059078 0.080334 -0.553587 -0.818233 0.132593
933393042308 0.069711 -0.570462 -0.809894 0.117401
933533025538 0.059119 -0.556081 -0.823622 0.094465
933673008802 0.060854 -0.547915 -0.830590 0.078770
933812991799 0.060610 -0.552047 -0.828764 0.068693
933952974098 0.060760 -0.555174 -0.825778 0.078608
934092956595 0.060362 -0.544640 -0.830961 0.096048
934232939226 0.049892 -0.554295 -0.824555 0.101855
934372923857 0.045184 -0.575995 -0.810789 0.093856
934512908721 0.042200 -0.578515 -0.811024 0.076020
934652893519 0.038326 -0.567498 -0.820678 0.054440
934792878383 0.026309 -0.573547 -0.817389 0.047171
934932861515 0.037379 -0.579977 -0.811973 0.054109
935072843847 0.050926 -0.571442 -0.815109 0.080353
935212826444 0.046183 -0.565790 -0.818278 0.090382
935352809175 0.043754 -0.570585 -0.814706 0.093652
935492793739 0.043628 -0.583856 -0.805858 0.088319
935632778369 0.044253 -0.576529 -0.812527 0.073862
935772762867 0.042597 -0.575730 -0.814273 0.060647
935912747431 0.034830 -0.575316 -0.815315 0.055298
936052730129 0.042827 -0.577131 -0.812936 0.064953
936192712528 0.051078 -0.568849 -0.816042 0.088738
936332695025 0.043006 -0.569392 -0.815920 0.090639
936472677788 0.038863 -0.574568 -0.812998 0.085990
936612661018 0.037671 -0.575960 -0.813446 0.071799
936772641914 0.040673 -0.570345 -0.818509 0.055627
936912625078 0.037201 -0.571982 -0.818164 0.045380
937052608109 0.043202 -0.575187 -0.815107 0.053776
937192590475 0.052644 -0.566730 -0.817254 0.090220
937332572906 0.048612 -0.566144 -0.815559 0.109456
937472555470 0.049260 -0.572120 -0.810418 0.116074
937612539901 0.050598 -0.576856 -0.807075 0.115349
937752524531 0.048728 -0.570448 -0.813126 0.105069
937892509062 0.049593 -0.569353 -0.814925 0.096293
938032493693 0.050323 -0.574045 -0.812127 0.091589
938172476758 0.053302 -0.575259 -0.810163 0.099349
938312459057 0.052480 -0.568549 -0.813188 0.112788
938452441554 0.049005 -0.571027 -0.810849 0.118528
938592424284 0.055850 -0.582757 -0.802379 0.116022
938732407514 0.060459 -0.585299 -0.801753 0.104690
938872390711 0.061940 -0.576352 -0.809421 0.093902
939012373942 0.052713 -0.578894 -0.808945 0.087806
939152357173 0.057409 -0.581856 -0.806047 0.091834
939292339539 0.055888 -0.577817 -0.807401 0.105383
939432321970 0.048056 -0.570102 -0.811837 0.116589
939572304567 0.047599 -0.575195 -0.808744 0.113214
939712288431 0.046156 -0.591042 -0.799463 0.096936
939852273295 0.045958 -0.576938 -0.811396 0.081638
939992258093 0.046195 -0.572264 -0.815014 0.078298
940132242958 0.048454 -0.574662 -0.812710 0.083167
940272226956 0.056879 -0.573767 -0.811518 0.094833
940412209255 0.056328 -0.568301 -0.814317 0.103669
940552391753 0.051074 -0.566985 -0.814862 0.109168
940692607417 0.050680 -0.576849 -0.808578 0.104293
940832825014 0.050218 -0.570257 -0.814597 0.093354
940973043012 0.048523 -0.567105 -0.817599 0.087000
941113127544 0.048764 -0.572970 -0.813716 0.084804
941253112142 0.052666 -0.581014 -0.806962 0.091972
941393095440 0.057264 -0.579365 -0.805693 0.109151
941533077706 0.054530 -0.572864 -0.808895 0.120587
941673060270 0.056332 -0.580541 -0.804100 0.114977
941813042834 0.044586 -0.587728 -0.801742 0.098978
941953026097 0.048248 -0.571723 -0.814025 0.090372
942093009327 0.052290 -0.573865 -0.812430 0.088890
942232992591 0.048868 -0.579664 -0.808509 0.088954
942372975821 0.052867 -0.580275 -0.805651 0.106824
942512958220 0.046901 -0.564239 -0.815292 0.121375
942652940718 0.045191 -0.564044 -0.816322 0.115882
942792923215 0.043174 -0.574725 -0.811309 0.097998
942932906846 0.039308 -0.572973 -0.814331 0.083794
943072891476 0.040387 -0.567562 -0.818674 0.077541
943212876107 0.040649 -0.571625 -0.816462 0.070581
943352860738 0.039123 -0.566909 -0.817827 0.090781
943492844702 0.040329 -0.556289 -0.823885 0.100643
943632827034 0.046609 -0.557365 -0.822704 0.101627
943772809465 0.053615 -0.567121 -0.816143 0.096998
943912791829 0.058881 -0.551900 -0.826528 0.093749
944052774993 0.060580 -0.545682 -0.831797 0.081695
944192758290 0.050473 -0.550487 -0.830015 0.074094
944332741421 0.048169 -0.558054 -0.824254 0.082826
944472724618 0.049191 -0.549491 -0.827213 0.106567
944612707283 0.036158 -0.553418 -0.824297 0.113817
944752689581 0.040776 -0.564215 -0.817077 0.111280
944892672111 0.039475 -0.567543 -0.816506 0.098254
945032655142 0.041748 -0.551720 -0.828301 0.088194
945172640073 0.040257 -0.554982 -0.826989 0.080393
945312624903 0.043028 -0.561896 -0.821820 0.083858
945452609633 0.057596 -0.554298 -0.822412 0.114336
945592594330 0.053160 -0.547101 -0.825560 0.127685
945732576961 0.054288 -0.556196 -0.819075 0.129669
945872559425 0.047882 -0.575094 -0.808216 0.117299
946012541955 0.047576 -0.563217 -0.819097 0.097992
946152525386 0.050701 -0.556144 -0.824587 0.090491
946292510050 0.052071 -0.560381 -0.821780 0.089091
946432494614 0.060455 -0.567668 -0.814546 0.103008
946572479146 0.061067 -0.555334 -0.819500 0.127648
946712463410 0.053112 -0.556869 -0.818900 0.128366
946852445742 0.058305 -0.572271 -0.808502 0.124215
946992428140 0.053609 -0.574313 -0.809459 0.109843
947132410670 0.047577 -0.562894 -0.819691 0.094833
947272393868 0.036710 -0.566069 -0.819237 0.084070
947412377065 0.041040 -0.568370 -0.817090 0.087369
947552499069 0.049254 -0.560120 -0.820042 0.106629
947692482299 0.041761 -0.551191 -0.824880 0.118388
947832465063 0.041292 -0.558638 -0.820479 0.114153
947972447228 0.034168 -0.569010 -0.815771 0.097858
948112429758 0.040883 -0.551649 -0.828259 0.089433
948252412622 0.044161 -0.550729 -0.829453 0.082184
948392397185 0.045334 -0.561379 -0.822209 0.082275
948532381882 0.050069 -0.569506 -0.814693 0.097107
948672366314 0.050154 -0.564459 -0.816077 0.113523
948812350878 0.043277 -0.564009 -0.816626 0.114641
948952333477 0.043404 -0.574788 -0.810035 0.107596
949092315876 0.043502 -0.563161 -0.818863 0.102069
949232298440 0.047563 -0.554583 -0.825380 0.094455
949372281238 0.046386 -0.562578 -0.820927 0.086210
949512397802 0.052795 -0.570472 -0.814332 0.092937
949652614366 0.055044 -0.561390 -0.818122 0.111739
949792830864 0.050037 -0.555900 -0.820730 0.121953
949933047230 0.047999 -0.564786 -0.814967 0.120584
950073196194 0.043023 -0.572849 -0.811479 0.107212
950213178725 0.048813 -0.559451 -0.821583 0.098141
950353161256 0.050066 -0.558458 -0.822317 0.097016
950493145686 0.053120 -0.568483 -0.814763 0.100826
950633130550 0.068842 -0.567355 -0.811635 0.120898
950773115346 0.062127 -0.558992 -0.816475 0.130518
950913100177 0.054641 -0.563687 -0.814028 0.128947
951053083641 0.056341 -0.576087 -0.806101 0.123081
951193066040 0.048000 -0.563653 -0.817106 0.111028
951333048570 0.041368 -0.555081 -0.825037 0.097400
951473031235 0.036175 -0.556729 -0.824938 0.090665
951613015732 0.042835 -0.564866 -0.818144 0.098643
951753000362 0.040477 -0.560835 -0.819373 0.111589
951892984794 0.037019 -0.555633 -0.822208 0.117789
952032969424 0.038526 -0.566003 -0.815100 0.117334
952172952223 0.040574 -0.565716 -0.816653 0.106751
952312934555 0.050517 -0.548915 -0.829001 0.094320
952452917085 0.040281 -0.552776 -0.828150 0.083561
952592899815 0.039981 -0.560892 -0.822873 0.081737
952732883112 0.048246 -0.557225 -0.823132 0.098108
952872866342 0.043313 -0.554443 -0.824126 0.107386
953012849506 0.042242 -0.562531 -0.818762 0.106785
953152832703 0.043221 -0.576339 -0.809822 0.100756
953292815002 0.034636 -0.562923 -0.820806 0.090520
953432797466 0.036404 -0.557567 -0.825481 0.079835
953572779930 0.031168 -0.565321 -0.820821 0.075448
953712764227 0.038326 -0.573288 -0.814176 0.083597
953852749091 0.046402 -0.556435 -0.823620 0.099378
953992733855 0.041618 -0.550543 -0.826716 0.108207
954132718719 0.042888 -0.563312 -0.817650 0.110849
954272702383 0.039419 -0.563489 -0.818800 0.102425
954432682248 0.043005 -0.555630 -0.825283 0.091287
954572664778 0.037432 -0.564067 -0.821266 0.077123
954712647543 0.042951 -0.571149 -0.815368 0.084370
954852632107 0.049973 -0.560066 -0.820269 0.104817
954992616737 0.045767 -0.554637 -0.822646 0.116340
955132601236 0.046929 -0.563618 -0.816497 0.116032
955272585833 0.035857 -0.579111 -0.807831 0.103696
955412568531 0.031154 -0.559945 -0.823493 0.085722
955552550963 0.035104 -0.557099 -0.826046 0.077818
955692533493 0.040892 -0.562423 -0.821920 0.080340
955832516190 0.053767 -0.568389 -0.815518 0.094719
955972499420 0.053538 -0.553953 -0.822944 0.114158
956112482751 0.047440 -0.558767 -0.820132 0.113627
956252465915 0.043903 -0.580053 -0.806472 0.105885
956392449046 0.048236 -0.568428 -0.814797 0.103286
956532431445 0.046985 -0.556333 -0.824919 0.088282
956672413842 0.040335 -0.562244 -0.821793 0.083127
956812396273 0.044873 -0.567942 -0.816260 0.095639
956952380504 0.050364 -0.560081 -0.819222 0.112455
957092365168 0.046227 -0.551157 -0.824148 0.121929
957232349699 0.044916 -0.559966 -0.819301 0.114742
957372334263 0.040349 -0.563298 -0.818394 0.106286
957512317661 0.043028 -0.550915 -0.826752 0.105453
957652300026 0.046196 -0.559402 -0.821441 0.100837
957792282523 0.053835 -0.567768 -0.815319 0.099968
957932265053 0.058632 -0.559628 -0.818500 0.115908
958072248417 0.050594 -0.545850 -0.827571 0.120886
958212231614 0.044929 -0.548813 -0.826909 0.114043
958352214778 0.038690 -0.567559 -0.816509 0.098444
958492198008 0.044428 -0.551908 -0.828116 0.087441
958632180440 0.047114 -0.546589 -0.832313 0.079211
958772162838 0.043398 -0.553605 -0.828163 0.076043
958912145302 0.048794 -0.560424 -0.822175 0.087004
959052128933 0.056798 -0.547471 -0.827366 0.111865
959192113530 0.048929 -0.541444 -0.831124 0.116944
959332098127 0.053141 -0.550070 -0.825872 0.111949
959472082626 0.046095 -0.550878 -0.827311 0.099816
959612066657 0.047327 -0.539536 -0.835973 0.088363
959752049022 0.039706 -0.547641 -0.832183 0.077351
959892031420 0.046956 -0.559813 -0.823185 0.082278
960032014017 0.053151 -0.547689 -0.828831 0.101246
960171997080 0.044814 -0.538425 -0.834131 0.110963
960311980277 0.050172 -0.548708 -0.827376 0.108855
960451963508 0.042028 -0.559939 -0.822669 0.088973
960591946838 0.049286 -0.541884 -0.834945 0.082444
960731929570 0.044168 -0.541024 -0.836204 0.078124
960871911936 0.041860 -0.550363 -0.830592 0.073925
961011894466 0.063442 -0.546778 -0.828812 0.100387
961151877430 0.067431 -0.549022 -0.825051 0.115400
961291862260 0.062062 -0.557273 -0.819127 0.120933
961431847190 0.050492 -0.564756 -0.816403 0.109481
961571831988 0.050137 -0.540787 -0.833749 0.099480
961711816652 0.040317 -0.536741 -0.839066 0.079058
961851799284 0.030341 -0.546537 -0.834599 0.061800
961991781682 0.030318 -0.559216 -0.825743 0.067122
962131764179 0.035863 -0.550992 -0.828780 0.090795
962271747477 0.034642 -0.549773 -0.828864 0.097629
962411732174 0.037297 -0.559684 -0.822517 0.093955
962551716771 0.023218 -0.570822 -0.817161 0.076614
962691701236 0.021904 -0.550631 -0.832253 0.060659
962831685467 0.022871 -0.549024 -0.833631 0.055740
962971667832 0.029640 -0.556358 -0.828367 0.058255
963111650230 0.046574 -0.559763 -0.823018 0.084474
963251632760 0.043816 -0.545825 -0.830597 0.101309
963391615824 0.039973 -0.547028 -0.830382 0.098120
963531599054 0.041154 -0.561594 -0.821137 0.093010
963671582251 0.042047 -0.549844 -0.830512 0.078435
963811565481 0.038469 -0.536889 -0.839904 0.069501
963951548346 0.031058 -0.541450 -0.837486 0.066959
964091530678 0.036869 -0.547308 -0.832688 0.075649
964231513241 0.042180 -0.536462 -0.836872 0.100363
964371496006 0.044246 -0.539511 -0.833292 0.112218
964511480570 0.051954 -0.550456 -0.824940 0.117354
964651465200 0.048931 -0.551944 -0.825700 0.105741
964791449599 0.051794 -0.540889 -0.833738 0.098163
964931434296 0.040190 -0.542735 -0.834304 0.088087
965071416994 0.041021 -0.550495 -0.828749 0.091907
965211399293 0.049047 -0.535800 -0.835033 0.115023
965351381823 0.052474 -0.529224 -0.838320 0.119945
965491364620 0.055707 -0.544573 -0.828651 0.116929
965631347884 0.050751 -0.567855 -0.815365 0.100716
965771331181 0.058361 -0.558725 -0.822824 0.085903
965911314445 0.050532 -0.561010 -0.822763 0.075983
966051297509 0.046272 -0.566955 -0.818837 0.076982
966191279808 0.059353 -0.558733 -0.820993 0.101314
966331262239 0.051116 -0.555561 -0.821614 0.116994
966471244736 0.046566 -0.561022 -0.818230 0.116556
966611229035 0.045772 -0.571121 -0.811615 0.114039
966751214032 0.044191 -0.557192 -0.822466 0.105515
966891198795 0.039368 -0.545892 -0.831780 0.092695
967031183659 0.028039 -0.552318 -0.829407 0.079007
967171167223 0.037636 -0.559433 -0.823620 0.085243
967311149555 0.048773 -0.553573 -0.825105 0.101868
967451132085 0.053148 -0.548398 -0.827480 0.108213
967591114683 0.049142 -0.556113 -0.823389 0.101743
967731099247 0.034357 -0.579114 -0.811205 0.073431
967871083877 0.033797 -0.569270 -0.820452 0.040572
968011068309 0.014503 -0.567551 -0.823210 0.000607
968151201660 0.002632 0.568223 0.822182 0.033637
968291184558 0.009753 0.580651 0.812272 0.054418
968431166857 0.039183 0.571962 0.814836 0.085815
968571149387 0.086305 0.562562 0.808500 0.149673
968711132085 0.132080 0.556704 0.792263 0.212022
968851115348 0.178885 0.537814 0.774993 0.279538
968991098578 0.220986 0.501771 0.756696 0.356092
969131081809 0.263090 0.480490 0.727735 0.412691
969271065039 0.287555 0.475585 0.706024 0.438929
969411047338 0.280522 0.460008 0.717354 0.441703
969551029802 0.291147 0.440423 0.715448 0.457595
969691012266 0.314863 0.440028 0.694976 0.473543
969830996196 0.337164 0.458963 0.664348 0.484059
969970980826 0.334883 0.450726 0.657544 0.502328
970110965357 0.342948 0.441160 0.650053 0.514970
970250949922 0.356662 0.438527 0.641714 0.518351
970390933553 0.360558 0.450338 0.642899 0.503858
970530915852 0.346664 0.443115 0.663819 0.492764
970670898350 0.349530 0.434174 0.668262 0.492692
970810880948 0.358468 0.448233 0.658809 0.486371
970950864211 0.365695 0.452683 0.644948 0.495364
971090847508 0.361838 0.447298 0.634266 0.516432
971230830705 0.379211 0.440370 0.620484 0.526565
971370813935 0.379551 0.449516 0.618991 0.520313
971510796433 0.371466 0.450358 0.633996 0.507186
971650778865 0.370985 0.446346 0.641427 0.501711
971790761395 0.373980 0.449096 0.641564 0.496836
971930744725 0.390416 0.453510 0.627388 0.498283
972070729623 0.379727 0.444062 0.628457 0.513475
972210714521 0.378938 0.442398 0.621663 0.523663
972350699285 0.379189 0.444319 0.618253 0.525888
972490683715 0.377654 0.451088 0.624475 0.513737
972630666281 0.370467 0.446257 0.639464 0.504671
972770648679 0.372791 0.442544 0.646075 0.497761
972910631143 0.380830 0.451406 0.642431 0.488346
973050614974 0.371939 0.448945 0.641020 0.499200
973190599571 0.362288 0.440573 0.641886 0.512468
973330584069 0.372262 0.440696 0.634604 0.514280
973470568600 0.370761 0.450396 0.635682 0.505556
973610552431 0.358737 0.450609 0.653282 0.491406
973750534763 0.356314 0.442014 0.659265 0.492982
973890517260 0.360992 0.446227 0.654091 0.492676
974030499757 0.371167 0.456039 0.642010 0.492021
974170483054 0.365694 0.450387 0.636218 0.508571
974310466285 0.367552 0.447228 0.629941 0.517751
974450449449 0.371200 0.449280 0.623489 0.521169
974590432746 0.372479 0.456216 0.624687 0.512729
974730415312 0.361767 0.449962 0.643418 0.502663
974870397644 0.362301 0.443757 0.650398 0.498798
975010380174 0.365965 0.450994 0.648647 0.491863
975150363338 0.359896 0.451516 0.648274 0.496334
975290348003 0.357298 0.445619 0.644440 0.508386
975430332633 0.367464 0.442144 0.638111 0.512143
975570317032 0.368873 0.451669 0.637986 0.502892
975710301429 0.353370 0.460518 0.653680 0.485545
975850283827 0.350231 0.450844 0.667404 0.478172
975990266226 0.357360 0.453715 0.663172 0.476064
976130082156 0.365648 0.453558 0.657339 0.478007
976270065154 0.359935 0.441321 0.654426 0.497401
976410048351 0.354759 0.434042 0.651977 0.510566
976550031581 0.360238 0.435495 0.644627 0.514808
976690014778 0.360114 0.446653 0.645103 0.504638
976830164309 0.347022 0.437639 0.670468 0.488383
976970146675 0.349388 0.433518 0.676233 0.482387
977110129172 0.359936 0.442298 0.665506 0.481580
977250111836 0.375720 0.442161 0.651160 0.489201
977390096467 0.358243 0.436264 0.651534 0.506791
977530081397 0.352158 0.440167 0.646523 0.514047
977670066161 0.355921 0.444811 0.640209 0.515359
977810051058 0.357515 0.454869 0.637984 0.508184
977950034156 0.361337 0.441670 0.636688 0.518643
978090016521 0.382667 0.423717 0.607262 0.552504
978229999085 0.409677 0.404604 0.568191 0.587892
978369982050 0.440883 0.376857 0.515088 0.631097
978509966714 0.454626 0.338228 0.455120 0.686863
978649951377 0.477473 0.297317 0.391442 0.728282
978789935775 0.493075 0.268094 0.347664 0.751086
978929920206 0.507034 0.249549 0.321622 0.759737
979069902738 0.521387 0.213944 0.285323 0.775224
979209885070 0.539025 0.182416 0.241457 0.786049
979349959118 0.556381 0.157003 0.204343 0.789957
979489942015 0.554660 0.131060 0.170701 0.803763
979629925245 0.545228 0.110452 0.138882 0.819290
979769908475 0.554256 0.091250 0.112262 0.819676
979909891738 0.561216 0.088318 0.109417 0.815636
980049874736 0.552707 0.082411 0.119236 0.820673
980189857068 0.546404 0.071981 0.119137 0.825873
980329839532 0.560013 0.068865 0.112751 0.817881
980469822130 0.576939 0.055292 0.095676 0.809277
980609806628 0.567632 0.052406 0.076412 0.818051
980749791458 0.566341 0.047009 0.065700 0.820202
980889776256 0.576767 0.049194 0.064882 0.812840
981029761186 0.584528 0.055327 0.081287 0.805393
981169744450 0.579350 0.050823 0.097147 0.807670
981309726882 0.583768 0.048146 0.099248 0.804391
981449709479 0.596887 0.047042 0.096382 0.795124
981589692177 0.584421 0.044464 0.079479 0.806323
981729676774 0.572404 0.045015 0.070891 0.815659
981869661471 0.577995 0.041668 0.065451 0.812342
982009645903 0.585009 0.046964 0.073744 0.806300
982149630500 0.576698 0.048146 0.089206 0.810643
982289613231 0.574923 0.044043 0.094788 0.811503
982429595529 0.587869 0.046897 0.091298 0.802417
982569578059 0.596415 0.044751 0.076202 0.797796
982709560823 0.583326 0.050291 0.065149 0.808057
982849544087 0.579842 0.051820 0.057878 0.811016
982989527317 0.583689 0.054174 0.056835 0.808171
983129510580 0.584396 0.061050 0.074206 0.805758
983269493644 0.581293 0.060591 0.087560 0.806696
983409475943 0.581310 0.056341 0.093205 0.806359
983549458440 0.588793 0.057562 0.091806 0.800987
983689440838 0.582347 0.056395 0.082360 0.806788
983829425136 0.583515 0.057866 0.077929 0.806280
983969409766 0.594527 0.065923 0.075300 0.797822
984109394264 0.607284 0.079672 0.085424 0.785850
984249378929 0.604765 0.084056 0.111885 0.784012
984389362327 0.602937 0.077206 0.121876 0.784634
984549342059 0.608293 0.074735 0.118559 0.781240
984689324623 0.606283 0.068922 0.105099 0.785254
984829307253 0.595837 0.065973 0.092181 0.795064
984969290450 0.597014 0.063773 0.084892 0.795173
985109273680 0.599195 0.063964 0.082664 0.793750
985249256910 0.599990 0.074575 0.097465 0.790537
985389240108 0.592750 0.071955 0.108973 0.794728
985529222474 0.592886 0.063860 0.111342 0.794990
985669204905 0.603767 0.061205 0.102746 0.788138
985809187403 0.592647 0.062673 0.092367 0.797689
985949171367 0.591622 0.059161 0.077597 0.800288
986089155997 0.596637 0.053291 0.070078 0.797666
986229140561 0.595776 0.058919 0.075755 0.797396
986369125093 0.585801 0.070221 0.093622 0.801960
986509108723 0.576380 0.066161 0.104390 0.807781
986649091022 0.581045 0.060560 0.101724 0.805214
986789073520 0.594027 0.051967 0.091366 0.797548
986929056083 0.579090 0.047566 0.074292 0.810476
987069039280 0.576043 0.043946 0.065082 0.813638
987209022577 0.580388 0.041327 0.064765 0.810707
987349005775 0.589976 0.045981 0.079590 0.802171
987488989005 0.584085 0.052218 0.099464 0.803880
987628971604 0.580281 0.053862 0.108993 0.805290
987768953969 0.586262 0.056217 0.100670 0.801873
987908936466 0.583210 0.056945 0.086695 0.805671
988048919831 0.577697 0.060868 0.079517 0.810084
988188904761 0.582308 0.058314 0.074709 0.807424
988328889625 0.584845 0.071057 0.085837 0.803453
988468874355 0.578942 0.078861 0.107747 0.804361
988608858786 0.570139 0.071598 0.117315 0.809970
988748841318 0.576542 0.067471 0.112793 0.806426
988888823749 0.589204 0.067411 0.105682 0.798201
989028806246 0.577789 0.064096 0.095329 0.808061
989168789943 0.570716 0.062542 0.084021 0.814439
989308774573 0.576464 0.054696 0.073008 0.812014
989448759137 0.570954 0.058521 0.078940 0.815079
989588743635 0.561672 0.059986 0.089731 0.820289
989728727666 0.559943 0.056269 0.098524 0.820725
989868709965 0.573917 0.060284 0.097443 0.810856
990008692396 0.584985 0.061788 0.086747 0.804020
990148674893 0.578794 0.062676 0.075926 0.809508
990288658056 0.574372 0.060765 0.076095 0.812781
990428641286 0.581316 0.059199 0.075699 0.807982
990568624483 0.578723 0.065643 0.092362 0.807613
990708607780 0.570201 0.056146 0.106288 0.812663
990848590477 0.572987 0.047907 0.097691 0.812309
990988572776 0.581450 0.048367 0.091008 0.807027
991128555306 0.575047 0.054630 0.077289 0.812626
991268538304 0.578601 0.056045 0.061880 0.811325
991408522935 0.586631 0.055016 0.054953 0.806112
991548507565 0.594943 0.061143 0.062434 0.799002
991688492097 0.592326 0.064525 0.084481 0.798654
991828476594 0.588789 0.059071 0.099297 0.799985
991968459059 0.593215 0.061882 0.102947 0.796032
992108441424 0.602277 0.054854 0.087180 0.791613
992248424021 0.588590 0.054208 0.072341 0.803361
992388406918 0.586002 0.056767 0.068670 0.805396
992528390182 0.590318 0.059872 0.070021 0.801895
992668373412 0.589808 0.069143 0.090198 0.799505
992808356576 0.579254 0.074588 0.109511 0.804306
992948339507 0.582637 0.071240 0.118049 0.800950
993088321873 0.590145 0.073283 0.121256 0.794766
993228304370 0.578872 0.075415 0.114813 0.803764
993368287000 0.574210 0.077784 0.099928 0.808854
993508271564 0.578861 0.070405 0.091066 0.807260
993648256428 0.582274 0.073228 0.094268 0.804181
993788241191 0.570354 0.089503 0.114707 0.808410
993928226055 0.566437 0.081083 0.116192 0.811833
994068209286 0.574407 0.075029 0.112616 0.807306
994208191651 0.588927 0.061629 0.100872 0.799493
994348174181 0.571755 0.058039 0.096370 0.812674
994488156979 0.567689 0.052781 0.083690 0.817275
994628141542 0.573649 0.046279 0.075823 0.814269
994768126172 0.582551 0.054293 0.084943 0.806517
994908110604 0.579759 0.065546 0.110760 0.804558
995048095268 0.575863 0.067368 0.122995 0.805428
995188077867 0.581392 0.069804 0.124490 0.801006
995328060265 0.592308 0.065775 0.107128 0.795843
995468042862 0.581000 0.061708 0.091274 0.806411
995608025727 0.581627 0.057364 0.079412 0.807534
995748008957 0.581823 0.056795 0.077844 0.807586
995887992154 0.582399 0.065220 0.093173 0.804907
996027975385 0.571386 0.067167 0.114341 0.809896
996167958349 0.573602 0.066432 0.116318 0.808106
996307940681 0.584270 0.066376 0.112428 0.800988
996447923145 0.576230 0.069138 0.102038 0.807939
996587905676 0.575676 0.069189 0.089568 0.809806
996727890006 0.580832 0.066873 0.082846 0.807030
996867874636 0.588217 0.075366 0.093262 0.799763
997007859234 0.584725 0.086427 0.114109 0.798501
997147843798 0.579422 0.081392 0.124095 0.801401
997287826996 0.584236 0.078257 0.123105 0.798365
997427809395 0.590087 0.063529 0.103404 0.798165
997567791826 0.572337 0.052524 0.081178 0.814298
997707774490 0.572412 0.047346 0.070403 0.815564
997847757753 0.577774 0.051881 0.069234 0.811598
997987740950 0.582090 0.066652 0.085474 0.805867
998127724147 0.580348 0.066372 0.101596 0.805275
998267707344 0.582421 0.060885 0.101450 0.804230
998407689742 0.594144 0.055801 0.085200 0.797884
998547672140 0.584503 0.054391 0.069707 0.806559
998687654704 0.583236 0.054952 0.057909 0.808370
998827638402 0.590921 0.046027 0.053807 0.803615
998967623366 0.600973 0.052848 0.070110 0.794432
999107608196 0.591789 0.060014 0.098725 0.797770
999247592993 0.592429 0.049328 0.103469 0.797426
999387577124 0.594242 0.043816 0.099161 0.796945
999527559490 0.601092 0.036978 0.082018 0.794098
999667541954 0.594005 0.034885 0.070367 0.800618
999807524385 0.593703 0.033172 0.057650 0.801930
999947683395 0.589950 0.027491 0.052210 0.805280
1000087668025 0.588788 0.033484 0.061412 0.805254
1000227652556 0.579571 0.034884 0.082162 0.810018
1000367637153 0.577307 0.032734 0.092543 0.810604
1000507620618 0.582176 0.034830 0.094281 0.806826
1000647602917 0.586793 0.033014 0.081858 0.804911
1000787585448 0.577786 0.038289 0.069163 0.812350
1000927568045 0.571644 0.040586 0.066639 0.816782
1001067551242 0.572688 0.043319 0.067324 0.815854
1001207534472 0.567926 0.052433 0.085123 0.816985
1001347517570 0.562868 0.047541 0.092960 0.819924
1001487500800 0.561686 0.039875 0.102923 0.819954
1001627483265 0.567647 0.037418 0.097526 0.816617
1001767465663 0.556631 0.039516 0.090572 0.824861
1001907448293 0.557237 0.037236 0.067759 0.826745
1002047431790 0.566216 0.031194 0.051393 0.822060
1002187416420 0.564525 0.035271 0.058109 0.822611
1002327401084 0.551779 0.034967 0.080298 0.829378
1002467385649 0.556265 0.025073 0.091239 0.825600
1002607369680 0.559461 0.024108 0.098740 0.822600
1002747352113 0.552723 0.020493 0.095157 0.827660
1002887334478 0.529948 0.028069 0.080982 0.843687
1003027317009 0.534251 0.035269 0.065984 0.842007
1003167300106 0.539673 0.030176 0.066729 0.838682
1003307283370 0.549601 0.039393 0.075236 0.831099
1003447266600 0.540455 0.047167 0.101701 0.833870
1003587249797 0.544701 0.051426 0.121083 0.828248
1003727232494 0.548446 0.054726 0.125269 0.824936
1003867214826 0.558236 0.058948 0.116255 0.819378
1004007197356 0.553142 0.053167 0.096494 0.825769
1004147180287 0.552366 0.050189 0.077400 0.828481
1004287165350 0.552271 0.041826 0.070442 0.829629
1004427150214 0.550708 0.048296 0.072435 0.830144
1004567134978 0.535915 0.059929 0.095858 0.836668
1004707119709 0.544175 0.058128 0.109818 0.829719
1004847102206 0.551697 0.056860 0.105076 0.825442
1004987084537 0.557760 0.046044 0.090245 0.823795
1005127067067 0.550833 0.056517 0.073542 0.829445
1005267050365 0.560409 0.059509 0.072600 0.822878
1005407034995 0.561462 0.056776 0.075444 0.822097
1005547019625 0.564607 0.064556 0.088920 0.818012
1005687004057 0.543605 0.065532 0.116314 0.828655
1005826988388 0.537953 0.059500 0.124851 0.831551
1005966970787 0.539991 0.056544 0.120847 0.831028
1006106953185 0.552008 0.060837 0.106133 0.824816
1006246935782 0.544761 0.057194 0.079845 0.832819
1006403083445 0.539642 0.056183 0.075486 0.836618
1006533734543 0.539426 0.045381 0.074749 0.837479
1006664385575 0.550618 0.051256 0.084013 0.828935
1006795036739 0.556497 0.060147 0.096609 0.823018
1006926853903 0.553339 0.060613 0.107791 0.823724
1007066836202 0.557963 0.047942 0.098018 0.822660
1007206818699 0.569219 0.047150 0.086867 0.816222
1007346801329 0.561690 0.048485 0.076410 0.822383
1007486785660 0.564135 0.054308 0.075012 0.820472
1007626770357 0.573827 0.050504 0.064880 0.814838
1007766754922 0.577845 0.051165 0.076117 0.810976
1007906739453 0.572477 0.045807 0.085744 0.814137
1008046722485 0.567966 0.039219 0.090355 0.817136
1008186704851 0.577277 0.041429 0.083632 0.811196
1008326687348 0.576393 0.038043 0.066948 0.813536
1008466669978 0.560997 0.039840 0.056788 0.824905
1008606653275 0.570148 0.036343 0.058023 0.818684
1008746636505 0.578452 0.048653 0.067870 0.811430
1008886619669 0.576873 0.053971 0.078360 0.811273
1009026602866 0.568513 0.044186 0.088308 0.816725
1009166585299 0.571663 0.040500 0.083775 0.815194
1009306567730 0.585385 0.041494 0.076808 0.806041
1009446550260 0.573878 0.044316 0.064673 0.815179
1009586597248 0.572104 0.050503 0.062955 0.816199
1009726582112 0.581369 0.049097 0.060488 0.809901
1009866566909 0.583834 0.054565 0.075602 0.806501
1010006551706 0.566474 0.054631 0.097060 0.816517
1010146535736 0.560829 0.051665 0.110016 0.818960
1010286518035 0.566016 0.054150 0.107312 0.815583
1010426500532 0.574876 0.049199 0.088469 0.811954
1010566482996 0.563999 0.051455 0.071226 0.821087
1010706467227 0.569248 0.049205 0.062513 0.818307
1010846451857 0.579543 0.046940 0.058758 0.811463
1010986436355 0.584345 0.052902 0.075340 0.806266
1011126420953 0.572956 0.047174 0.092620 0.812968
1011266404250 0.572828 0.040414 0.091986 0.813494
1011406386582 0.583419 0.038670 0.085469 0.806734
1011546369012 0.577674 0.041653 0.068726 0.812301
1011686351709 0.567982 0.046556 0.053777 0.819961
1011826334939 0.571900 0.040728 0.049701 0.817802
1011966318170 0.575753 0.046744 0.051051 0.814687
1012106301501 0.567827 0.052266 0.075851 0.817977
1012246284698 0.567620 0.046863 0.086305 0.817411
1012386267130 0.571614 0.049031 0.087401 0.814379
1012526249561 0.583267 0.042819 0.072460 0.807907
1012666232125 0.569742 0.046392 0.061331 0.818217
1012806215723 0.561406 0.042500 0.057934 0.824414
1012946200354 0.562384 0.042575 0.059747 0.823614
1013086184985 0.565566 0.053474 0.068744 0.820090
1013226169483 0.554657 0.060051 0.086809 0.825356
1013366153447 0.550812 0.054870 0.107431 0.825865
1013506135813 0.551474 0.053485 0.109487 0.825243
1013646118211 0.558697 0.051229 0.097716 0.822000
1013786100708 0.560818 0.054033 0.077332 0.822546
1013926083872 0.559538 0.054028 0.069171 0.824143
1014066067102 0.560043 0.047949 0.061934 0.824752
1014206050299 0.555452 0.058892 0.074200 0.826134
1014346033463 0.540133 0.066328 0.093161 0.833772
1014486016195 0.539954 0.059253 0.102208 0.833361
1014625998527 0.555891 0.057658 0.100467 0.823143
1014785978590 0.570625 0.052176 0.083318 0.815304
1014925961955 0.559888 0.058122 0.069258 0.823619
1015065946819 0.558921 0.052757 0.066070 0.824898
1015205931683 0.560386 0.046125 0.067306 0.824202
1015345916414 0.557862 0.052425 0.087367 0.823655
1015485900978 0.549268 0.050471 0.105844 0.827377
1015625883409 0.555634 0.046333 0.105511 0.823401
1015765865840 0.569394 0.043650 0.097592 0.815083
1015905848338 0.556612 0.057485 0.085410 0.824368
1016045832035 0.558397 0.063230 0.081939 0.823091
1016185816665 0.558974 0.059068 0.084244 0.822776
1016325801196 0.568494 0.064794 0.092724 0.814873
1016465785794 0.564058 0.070364 0.108649 0.815525
1016605769758 0.562243 0.065688 0.111615 0.816767
1016745752057 0.570154 0.065952 0.110619 0.811379
1016885734522 0.580725 0.060534 0.099406 0.805736
1017025717053 0.570739 0.059040 0.085744 0.814504
1017165700217 0.568571 0.060883 0.082442 0.816224
1017305683414 0.571202 0.059611 0.080811 0.814643
1017445666578 0.581155 0.065066 0.085611 0.806657
1017585649808 0.577823 0.055547 0.083872 0.809938
1017725632439 0.577531 0.035227 0.055486 0.813718
1017865614871 0.580130 -0.000042 0.001352 0.814522
1018005597468 0.587031 -0.045115 -0.071606 0.805127
1018145580498 0.571811 -0.101267 -0.160059 0.798221
1018285565062 0.552366 -0.144402 -0.242773 0.784283
1018425549726 0.541749 -0.185582 -0.303867 0.761400
1018565534191 0.530140 -0.225147 -0.342572 0.742229
1018705518655 0.502660 -0.261389 -0.378001 0.732204
1018845501220 0.493617 -0.279517 -0.406508 0.716214
1018985483585 0.487321 -0.305978 -0.434252 0.693051
1019125466082 0.483878 -0.332924 -0.453429 0.670391
1019265448980 0.468619 -0.337368 -0.478974 0.661181
1019405432311 0.462643 -0.341688 -0.494743 0.651490
1019545415575 0.464509 -0.350786 -0.500972 0.640473
1019685398772 0.468350 -0.357203 -0.488475 0.643773
1019825381736 0.456383 -0.358184 -0.478196 0.659352
1019965364034 0.448632 -0.358492 -0.481387 0.662177
1020105346465 0.447461 -0.363153 -0.486324 0.656799
1020245329062 0.444612 -0.377232 -0.495170 0.644066
1020385313692 0.441000 -0.369929 -0.507248 0.641381
1020525298556 0.436099 -0.357594 -0.515256 0.645332
1020665283353 0.443539 -0.361573 -0.512706 0.640054
1020805268250 0.450020 -0.361982 -0.500314 0.645085
1020945251415 0.442374 -0.360848 -0.497361 0.653242
1021085233780 0.431373 -0.362551 -0.497596 0.659447
1021225216277 0.441303 -0.365384 -0.495044 0.653205
1021365199142 0.447864 -0.348446 -0.502016 0.652673
1021505183738 0.435957 -0.348168 -0.516444 0.649619
1021645168368 0.437321 -0.359908 -0.519768 0.639575
1021785152833 0.449146 -0.367187 -0.511592 0.633808
1021925137397 0.460936 -0.361172 -0.489365 0.646230
1022065119963 0.450869 -0.359399 -0.485321 0.657275
1022205102295 0.450486 -0.363319 -0.489578 0.652206
1022345084892 0.460840 -0.375359 -0.489757 0.637862
1022485067723 0.453056 -0.366613 -0.510576 0.632176
1022625050953 0.450868 -0.361540 -0.519853 0.629093
1022765034183 0.448189 -0.367431 -0.521351 0.626348
1022905017447 0.455234 -0.367263 -0.511489 0.629490
1023064997877 0.452799 -0.359104 -0.499077 0.645706
1023204980243 0.443110 -0.362503 -0.502229 0.648081
1023344962807 0.451242 -0.372196 -0.498042 0.640158
1023484945438 0.450253 -0.381816 -0.506972 0.628065
1023624929901 0.444442 -0.371375 -0.520707 0.627228
1023764914598 0.442986 -0.369878 -0.521750 0.628275
1023904899096 0.449943 -0.370884 -0.516042 0.627452
1024044883693 0.453202 -0.369412 -0.503466 0.636131
1024184866659 0.444189 -0.361508 -0.493709 0.654414
1024324848958 0.438483 -0.364922 -0.492238 0.657468
1024464831488 0.448081 -0.371945 -0.486542 0.651272
1024604814286 0.443030 -0.374473 -0.502847 0.640810
1024744797583 0.444130 -0.370200 -0.507523 0.638842
1024884780847 0.445588 -0.376665 -0.506620 0.634751
1025024764011 0.455877 -0.372750 -0.498228 0.636396
1025164747107 0.455524 -0.362947 -0.486299 0.651367
1025304729406 0.448218 -0.361699 -0.479537 0.662055
1025444711837 0.451466 -0.358591 -0.481058 0.660433
1025584694334 0.457630 -0.367763 -0.485255 0.647959
1025724678465 0.448168 -0.366124 -0.505057 0.640323
1025864663329 0.444912 -0.355235 -0.516751 0.639397
1026004648093 0.446240 -0.361479 -0.523532 0.629376
1026144632924 0.451881 -0.364186 -0.518821 0.627690
1026284616787 0.446802 -0.359421 -0.510125 0.641059
1026424599086 0.439102 -0.355470 -0.506949 0.651023
1026564581583 0.442712 -0.360113 -0.506579 0.646297
1026704564181 0.444250 -0.369087 -0.508565 0.638574
1026844548578 0.440941 -0.358450 -0.520342 0.637437
1026984533209 0.445226 -0.351832 -0.520107 0.638338
1027124517707 0.451016 -0.356832 -0.516268 0.634603
1027264502338 0.460899 -0.358218 -0.503221 0.637196
1027404485403 0.454267 -0.349374 -0.498768 0.650237
1027544467735 0.446647 -0.350216 -0.502473 0.652207
1027684450299 0.449320 -0.364240 -0.509694 0.636907
1027824432962 0.447094 -0.384085 -0.532306 0.607646
1027964416225 0.430597 -0.384312 -0.572849 0.582007
1028104399389 0.412982 -0.402026 -0.605226 0.549109
1028244382653 0.402294 -0.425034 -0.627185 0.513948
1028384365850 0.386574 -0.448520 -0.640966 0.488416
1028524348216 0.354519 -0.467345 -0.665336 0.461770
1028664330714 0.315706 -0.490183 -0.701632 0.409586
1028804313245 0.275472 -0.514669 -0.731249 0.352852
1028944297109 0.228918 -0.542056 -0.753689 0.292786
1029084281773 0.188313 -0.536455 -0.788974 0.232967
1029224266337 0.160871 -0.547619 -0.799031 0.189163
1029364250802 0.140513 -0.560869 -0.800141 0.159547
1029504234500 0.133389 -0.562713 -0.801225 0.153617
1029644216799 0.113254 -0.554967 -0.811068 0.146120
1029784199230 0.096577 -0.557463 -0.813986 0.131657
1029924181793 0.081747 -0.567616 -0.810903 0.116463
1030064165057 0.071598 -0.568362 -0.814005 0.096083
1030204359144 0.060689 -0.567859 -0.817525 0.074195
1030344342308 0.048852 -0.569780 -0.817883 0.063477
1030484325572 0.050280 -0.579471 -0.811162 0.060828
1030624308236 0.061999 -0.569995 -0.815001 0.083872
1030764290568 0.062587 -0.569399 -0.814230 0.094315
1030904273098 0.062471 -0.576392 -0.809181 0.095361
1031044256329 0.054300 -0.590322 -0.800555 0.087649
1031184241160 0.054976 -0.582012 -0.808031 0.072959
1031324226024 0.055267 -0.575078 -0.814130 0.058494
1031464210855 0.049623 -0.582445 -0.809437 0.055730
1031604195452 0.051454 -0.584867 -0.806463 0.069992
1031744177984 0.061187 -0.577742 -0.807823 0.099454
1031884160448 0.061237 -0.572182 -0.809136 0.118972
1032024142879 0.064917 -0.579098 -0.803726 0.120230
1032164126477 0.060594 -0.586071 -0.800698 0.108304
1032304111107 0.065229 -0.576845 -0.808850 0.093575
1032444095638 0.062809 -0.575515 -0.810993 0.084421
1032584080203 0.062038 -0.584148 -0.805344 0.079634
1032724064200 0.071629 -0.579364 -0.806432 0.094194
1032864046499 0.076619 -0.572147 -0.808954 0.111220
1033004028930 0.069053 -0.564766 -0.814664 0.112213
1033144011427 0.066429 -0.566658 -0.814069 0.108514
1033283994490 0.067102 -0.558282 -0.821603 0.093732
1033423977720 0.070251 -0.556754 -0.824092 0.077209
1033563960951 0.062696 -0.558294 -0.824055 0.072867
1033703944181 0.069334 -0.559827 -0.822037 0.077721
1033843926946 0.078138 -0.553640 -0.823272 0.097974
1033983909378 0.074569 -0.557803 -0.819221 0.110321
1034123891975 0.070680 -0.560963 -0.817118 0.112435
1034263875006 0.062350 -0.569718 -0.813099 0.101994
1034403859703 0.069060 -0.564719 -0.818220 0.082687
1034543844301 0.066879 -0.557298 -0.824107 0.076114
1034743822165 0.059470 -0.561981 -0.821854 0.072076
1034883805796 0.068406 -0.555201 -0.822991 0.098779
1035023788095 0.066642 -0.558672 -0.819693 0.107457
1035163770493 0.061321 -0.567374 -0.814172 0.107001
1035303753023 0.055761 -0.582354 -0.804535 0.102357
1035443736253 0.048880 -0.570293 -0.814949 0.090734
1035583719483 0.051962 -0.562477 -0.821229 0.080627
1035723702647 0.051284 -0.569351 -0.816784 0.077924
1035863685877 0.059463 -0.576019 -0.810953 0.083786
1036003668476 0.059499 -0.571110 -0.812734 0.098764
1036143650841 0.052370 -0.558721 -0.820701 0.107411
1036283633371 0.050017 -0.565306 -0.816757 0.104088
1036423616702 0.048336 -0.582787 -0.805888 0.092552
1036563601566 0.047693 -0.579021 -0.810558 0.073854
1036703586430 0.053820 -0.571082 -0.815942 0.072154
1036843571194 0.052628 -0.574677 -0.813928 0.067055
1036983555758 0.063585 -0.578288 -0.809719 0.076769
1037123538256 0.062536 -0.570421 -0.813617 0.093459
1037263520687 0.058920 -0.563530 -0.817672 0.101851
1037403503218 0.059756 -0.561792 -0.818952 0.100678
1037543486849 0.063093 -0.555010 -0.824211 0.093044
1037683471479 0.068563 -0.559659 -0.821544 0.084531
1037823456043 0.064523 -0.564535 -0.819116 0.078639
1037963440608 0.064519 -0.572138 -0.813653 0.080394
1038103424572 0.069075 -0.569619 -0.812794 0.100634
1038243406871 0.062177 -0.567054 -0.813757 0.111275
1038383389269 0.056912 -0.572944 -0.810353 0.108735
1038523371766 0.052557 -0.588816 -0.800816 0.096046
1038663354896 0.052201 -0.583262 -0.806935 0.077034
1038803338126 0.054020 -0.576872 -0.812203 0.068012
1038943321390 0.047663 -0.577664 -0.812425 0.063224
1039083304654 0.050448 -0.579569 -0.810331 0.070123
1039223287319 0.060443 -0.568801 -0.815529 0.087879
1039383267318 0.050509 -0.567100 -0.816673 0.094286
1039523249848 0.048464 -0.570370 -0.814254 0.096529
1039663233113 0.041315 -0.575195 -0.812415 0.086168
1039803218043 0.041256 -0.562258 -0.822561 0.074540
1039943202841 0.044563 -0.559278 -0.824745 0.070826
1040083187638 0.047224 -0.569172 -0.818328 0.064428
1040223172102 0.053460 -0.568418 -0.817163 0.079285
1040363154600 0.053920 -0.562417 -0.819887 0.092539
1040503137064 0.049759 -0.563789 -0.818854 0.095617
1040643119495 0.045309 -0.570840 -0.815130 0.087466
1040783103259 0.052265 -0.560505 -0.823336 0.072237
1040923087856 0.056148 -0.557636 -0.825711 0.063943
1041063072420 0.050470 -0.569436 -0.818168 0.061604
1041203056951 0.051521 -0.572638 -0.815297 0.068704
1041343040916 0.058192 -0.566441 -0.817246 0.088693
1041483023248 0.050404 -0.565144 -0.817682 0.097292
1041623005645 0.049277 -0.572999 -0.812160 0.098179
1041762988176 0.043619 -0.585814 -0.804263 0.089886
1041902971340 0.050285 -0.575140 -0.812609 0.079696
1042042954570 0.054373 -0.570020 -0.816930 0.068876
1042182937767 0.048745 -0.577497 -0.812710 0.060183
1042322921097 0.059965 -0.584497 -0.806184 0.069517
1042462903728 0.063846 -0.574987 -0.811177 0.085469
1042602886126 0.058991 -0.566306 -0.816509 0.095552
1042742868623 0.055773 -0.572104 -0.812621 0.096080
1042882851654 0.052112 -0.585631 -0.804831 0.081036
1043022836251 0.057355 -0.573541 -0.814664 0.063889
1043162820848 0.048714 -0.571580 -0.817382 0.052992
1043302805380 0.047411 -0.575916 -0.814520 0.051276
1043442789811 0.057078 -0.575508 -0.812850 0.069332
1043582772343 0.057763 -0.566094 -0.817784 0.086189
1043722754708 0.052089 -0.566937 -0.817228 0.089476
1043862737238 0.054022 -0.579481 -0.808042 0.091383
1044002720136 0.054996 -0.574563 -0.812833 0.078453
1044142703300 0.057786 -0.570544 -0.816230 0.070054
1044282686597 0.055685 -0.576486 -0.812678 0.064154
1044422669761 0.058501 -0.580794 -0.808872 0.070572
1044562652658 0.068170 -0.564383 -0.817103 0.095740
1044702635024 0.066690 -0.558301 -0.820668 0.101759
1044842617621 0.053294 -0.568013 -0.815353 0.098582
1044982600285 0.040348 -0.580768 -0.808881 0.082405
1045122584915 0.034166 -0.577869 -0.812774 0.065550
1045262569779 0.032647 -0.568037 -0.820237 0.058970
1045402554576 0.033483 -0.567750 -0.820885 0.051820
1045542539474 0.034617 -0.572039 -0.816934 0.064742
1045682522639 0.035787 -0.561845 -0.822726 0.078548
1045822505037 0.037717 -0.551511 -0.828133 0.092773
1045962487534 0.042645 -0.562193 -0.820598 0.093475
1046102470365 0.043743 -0.571399 -0.815624 0.079658
1046242454928 0.054240 -0.561761 -0.822956 0.064996
1046382439558 0.046540 -0.562532 -0.823540 0.056324
1046522423989 0.050689 -0.567949 -0.819369 0.059146
1046662408553 0.058746 -0.566863 -0.817842 0.079681
1046802391152 0.059617 -0.553404 -0.824429 0.102500
1046942373517 0.052718 -0.554922 -0.823584 0.104835
1047082356047 0.053303 -0.567712 -0.815217 0.101401
1047222338844 0.053379 -0.559331 -0.821890 0.093778
1047362322074 0.058960 -0.551855 -0.827356 0.086376
1047502305304 0.051343 -0.558372 -0.824499 0.076053
1047642288535 0.051906 -0.568541 -0.816950 0.081603
1047782271532 0.051842 -0.557350 -0.822809 0.098270
1047922253831 0.051731 -0.552451 -0.824994 0.107262
1048062236394 0.049542 -0.559030 -0.820837 0.106094
1048202219025 0.046409 -0.575235 -0.810767 0.098014
1048342203421 0.046601 -0.566150 -0.819363 0.077103
1048482188051 0.057389 -0.561512 -0.821996 0.075713
1048622172550 0.060252 -0.568124 -0.817298 0.075017
1048762157114 0.067963 -0.578777 -0.808409 0.082892
1048902140180 0.068681 -0.572907 -0.810909 0.097394
1049042122578 0.064052 -0.570348 -0.812891 0.099031
1049182105175 0.060279 -0.574643 -0.810540 0.095785
1049322087838 0.059931 -0.574427 -0.811831 0.085855
1049462071035 0.060774 -0.561412 -0.821829 0.075627
1049602054266 0.057004 -0.566330 -0.819691 0.064228
1049742037397 0.057763 -0.574652 -0.813558 0.067532
1049882020594 0.055857 -0.567494 -0.817678 0.078935
1050022003059 0.050897 -0.559509 -0.821443 0.097926
1050161985490 0.047494 -0.560429 -0.821065 0.097537
1050301967987 0.046263 -0.574172 -0.812384 0.090644
1050441951784 0.046648 -0.567771 -0.818571 0.073491
1050581936414 0.046847 -0.556252 -0.827026 0.066442
1050721921011 0.042905 -0.560995 -0.824783 0.056350
1050862099713 0.040783 -0.570836 -0.817427 0.065533
1051002083578 0.047259 -0.560779 -0.822184 0.085474
1051142065877 0.050757 -0.554195 -0.824959 0.098655
1051282048242 0.055005 -0.558252 -0.822223 0.096318
1051422030772 0.049232 -0.561333 -0.821563 0.086679
1051562213970 0.053109 -0.547975 -0.831723 0.071675
1051702430468 0.049663 -0.554022 -0.828619 0.063111
1051842646998 0.051467 -0.561275 -0.823655 0.062559
1051982863562 0.058277 -0.554779 -0.825879 0.082140
1052122946161 0.056625 -0.553063 -0.825737 0.095246
1052262928527 0.050046 -0.560963 -0.820749 0.095841
1052402911057 0.042095 -0.573371 -0.813870 0.084190
1052542894254 0.040825 -0.560723 -0.824130 0.068783
1052682879184 0.047246 -0.559154 -0.824823 0.069134
1052822864114 0.043067 -0.562373 -0.823172 0.065333
1052962848878 0.051874 -0.572023 -0.815284 0.073546
1053102833409 0.057609 -0.559180 -0.821664 0.094158
1053242815941 0.051116 -0.550804 -0.826926 0.100960
1053382798372 0.046964 -0.553575 -0.825696 0.097845
1053522780869 0.039804 -0.561414 -0.822997 0.076843
1053662764500 0.049167 -0.551702 -0.830358 0.060927
1053802749130 0.045497 -0.552012 -0.830320 0.061474
1053942733694 0.051282 -0.561000 -0.823349 0.068869
1054082718192 0.062439 -0.560154 -0.820944 0.091538
1054222702223 0.058966 -0.552788 -0.824083 0.108786
1054362684522 0.047876 -0.561429 -0.819656 0.103285
1054502666986 0.042258 -0.575008 -0.811545 0.094733
1054642649550 0.039884 -0.568730 -0.818275 0.073344
1054782632613 0.041573 -0.563786 -0.822043 0.068281
1054922615843 0.038201 -0.569977 -0.818450 0.061683
1055062599007 0.043284 -0.577222 -0.812735 0.066351
1055202582304 0.045464 -0.564525 -0.820109 0.081635
1055342565036 0.045313 -0.555901 -0.825329 0.088037
1055482547368 0.047816 -0.564959 -0.819391 0.084454
1055622529965 0.045159 -0.565222 -0.820787 0.069227
1055762512896 0.052384 -0.554737 -0.828103 0.061378
1055902497693 0.048142 -0.564281 -0.822468 0.053052
1056042482557 0.043156 -0.573076 -0.816825 0.050161
1056182467388 0.048110 -0.573536 -0.815046 0.066633
1056322452086 0.048077 -0.563459 -0.820451 0.084032
1056462434751 0.052448 -0.560174 -0.822339 0.084920
1056602417149 0.047702 -0.568124 -0.817736 0.079159
1056755897946 0.048274 -0.547955 -0.832436 0.066813
1056886548777 0.047142 -0.548450 -0.833327 0.050448
1057017201275 0.038337 -0.560817 -0.826252 0.036329
1057147853806 0.036854 -0.570627 -0.819578 0.036296
1057282338904 0.049504 -0.565232 -0.821300 0.059377
1057422323368 0.055820 -0.562036 -0.822070 0.072109
1057562305867 0.053560 -0.565886 -0.819293 0.075242
1057702288265 0.050900 -0.579407 -0.810421 0.070092
1057842270795 0.048873 -0.566435 -0.820179 0.063774
1057982253759 0.044834 -0.558792 -0.826080 0.057720
1058122237023 0.037638 -0.562213 -0.824618 0.050025
1058262220253 0.038634 -0.566111 -0.821126 0.061458
1058402203483 0.044752 -0.558520 -0.824291 0.081221
1058542186481 0.047700 -0.552410 -0.827292 0.090303
1058682168780 0.046898 -0.561852 -0.821358 0.086561
1058822151310 0.033894 -0.575677 -0.814206 0.067186
1058962133841 0.040272 -0.562544 -0.823577 0.060347
1059102118305 0.029541 -0.567146 -0.821616 0.049171
1059242102935 0.033842 -0.572219 -0.818015 0.047643
1059382087400 0.047439 -0.563835 -0.821488 0.070683
1059522072064 0.051802 -0.556815 -0.824631 0.085181
1059662055062 0.041227 -0.557263 -0.825069 0.083774
1059802037328 0.034475 -0.566366 -0.819455 0.080822
1059942110049 0.041375 -0.557996 -0.825958 0.068716
1060082092779 0.043596 -0.556198 -0.827614 0.061617
1060222076009 0.027852 -0.563291 -0.824411 0.047672
1060362059239 0.035631 -0.571408 -0.817398 0.063897
1060502042569 0.043094 -0.563980 -0.820629 0.081466
1060662023233 0.038742 -0.563299 -0.820575 0.088593
1060802005532 0.035436 -0.575004 -0.812511 0.089103
1060941988096 0.027936 -0.581156 -0.809878 0.074653
1061081970527 0.027323 -0.565807 -0.821959 0.059140
1061221954826 0.026820 -0.561525 -0.825557 0.049241
1061361939690 0.029978 -0.567518 -0.821263 0.050502
1061501924487 0.043013 -0.572629 -0.815547 0.071609
1061641909318 0.037147 -0.557780 -0.824750 0.085361
1061781892882 0.032989 -0.551924 -0.828227 0.091265
1061921875214 0.030545 -0.563015 -0.821864 0.081354
1062061857811 0.043575 -0.553519 -0.828928 0.067786
1062201840376 0.036898 -0.547386 -0.834302 0.054271
1062341824839 0.027735 -0.549412 -0.833867 0.045194
1062481809536 0.035230 -0.554532 -0.829610 0.054762
1062621794001 0.043659 -0.546269 -0.833031 0.075769
1062761778631 0.042339 -0.540226 -0.835462 0.091460
1062901761530 0.041993 -0.551202 -0.828033 0.093668
1063041743929 0.035016 -0.559396 -0.824659 0.076074
1063201723892 0.040869 -0.544173 -0.835626 0.062709
1063341706723 0.034691 -0.546037 -0.835105 0.056898
1063481690021 0.035181 -0.551879 -0.831509 0.052764
1063621673284 0.053227 -0.546720 -0.832309 0.074335
1063761656448 0.053775 -0.538967 -0.835765 0.090104
1063901639579 0.042871 -0.546327 -0.831278 0.093084
1064041621877 0.035121 -0.563347 -0.821030 0.085529
1064181604374 0.041342 -0.547716 -0.832286 0.074812
1064321586838 0.045466 -0.543687 -0.835497 0.065431
1064461571101 0.038067 -0.554662 -0.829325 0.055853
1064601555764 0.037025 -0.564502 -0.822162 0.063359
1064741540229 0.045620 -0.553732 -0.827559 0.080278
1064881524860 0.049317 -0.547695 -0.830109 0.092275
1065021508191 0.049132 -0.557339 -0.823646 0.092548
1065161490523 0.042467 -0.569185 -0.816807 0.083967
1065301472987 0.056226 -0.552743 -0.827373 0.082256
1065441455652 0.054660 -0.550980 -0.829109 0.077520
1065581438849 0.048079 -0.557901 -0.825601 0.069402
1065721422046 0.049381 -0.566466 -0.819128 0.075538
1065861405310 0.054790 -0.558909 -0.823413 0.081292
1066001388540 0.050638 -0.556566 -0.824677 0.087048
1066161368438 0.045196 -0.570347 -0.815566 0.086676
1066301350902 0.037303 -0.574637 -0.813820 0.078072
1066441333366 0.044064 -0.568569 -0.818298 0.071932
1066581317363 0.043006 -0.575304 -0.814126 0.066136
1066721301960 0.045846 -0.579908 -0.809944 0.074796
1066861286558 0.053006 -0.583132 -0.806598 0.080904
1067001271089 0.059624 -0.572670 -0.811598 0.098996
1067141254720 0.045162 -0.576322 -0.811741 0.082994
1067281236986 0.029441 -0.578975 -0.812227 0.064860
1067421219484 0.015403 -0.574124 -0.818289 0.023355
1067561202048 0.004990 0.562147 0.826495 0.029513
1067701185278 0.051253 0.564011 0.819169 0.090692
1067841168542 0.078062 0.562618 0.812885 0.128779
1067981151706 0.105834 0.547365 0.814711 0.159484
1068121134903 0.147447 0.535745 0.803756 0.212630
1068261117401 0.193665 0.530098 0.779100 0.272931
1068401099800 0.236348 0.526131 0.748354 0.327553
1068541082330 0.262303 0.500489 0.733160 0.378394
1068681065660 0.282375 0.480642 0.707978 0.433604
1068821050590 0.313105 0.467137 0.679408 0.471329
1068961035454 0.323933 0.460833 0.668497 0.485603
1069101020251 0.326896 0.453354 0.672456 0.485191
1069241004781 0.326821 0.449350 0.678764 0.480156
1069380987247 0.342808 0.448761 0.669326 0.482801
1069520969711 0.368438 0.451314 0.655868 0.480004
1069660952175 0.369252 0.443788 0.649204 0.495215
1069800935872 0.366574 0.446569 0.645052 0.500106
1069940920502 0.367886 0.450792 0.637761 0.504683
1070080905066 0.374794 0.455891 0.638018 0.494595
1070220889664 0.372625 0.441521 0.652690 0.490106
1070360873562 0.368571 0.435912 0.658759 0.490072
1070500855861 0.378154 0.439515 0.648445 0.493297
1070640838292 0.388668 0.444674 0.633783 0.499518
1070780820856 0.375793 0.441914 0.629566 0.516852
1070920804020 0.370319 0.442668 0.629506 0.520220
1071060787250 0.368479 0.450851 0.629485 0.514493
1071200770448 0.367823 0.455151 0.638266 0.500159
1071340753678 0.357278 0.446558 0.655814 0.492793
1071480736276 0.363103 0.446311 0.654002 0.491164
1071620718641 0.371978 0.453653 0.645286 0.489321
1071760701238 0.371749 0.445929 0.640957 0.502118
1071900684335 0.365837 0.443574 0.639479 0.510363
1072040668965 0.372422 0.442234 0.631311 0.516891
1072180653595 0.374465 0.450015 0.631997 0.507779
1072320637994 0.368152 0.448376 0.647018 0.494761
1072460622391 0.363454 0.438567 0.660801 0.488774
1072600604857 0.365785 0.439979 0.660193 0.486583
1072740587322 0.372727 0.445379 0.651193 0.488526
1072880569852 0.364227 0.438258 0.649716 0.503127
1073020552850 0.361858 0.437025 0.641601 0.516153
1073160536080 0.368783 0.437760 0.635104 0.518658
1073300519277 0.373738 0.449818 0.636450 0.502905
1073440502441 0.364395 0.451292 0.651773 0.488613
1073580485372 0.357800 0.441021 0.664598 0.485580
1073720467771 0.357368 0.445685 0.664041 0.482391
1073860450268 0.358430 0.446156 0.657922 0.489499
1074000432932 0.355150 0.439696 0.651845 0.505600
1074140417596 0.357419 0.438579 0.647223 0.510882
1074280402426 0.364734 0.443268 0.644147 0.505525
1074420387190 0.357504 0.454562 0.652145 0.490173
1074560372153 0.352494 0.445967 0.662468 0.487848
1074700355218 0.353979 0.439372 0.663310 0.491598
1074840337583 0.359461 0.441706 0.657159 0.493784
1074980320146 0.359404 0.435639 0.649866 0.508644
1075120303077 0.356716 0.433499 0.641791 0.522431
1075260287707 0.367629 0.432441 0.631784 0.527911
1075400272337 0.367880 0.441218 0.635482 0.515899
1075540256735 0.351756 0.437975 0.657253 0.502456
1075680241232 0.357026 0.436625 0.661225 0.494642
1075820223764 0.359989 0.443142 0.660237 0.487974
1075960206096 0.376222 0.448645 0.646634 0.488914
1076100188693 0.347794 0.446269 0.652636 0.503932
1076240171556 0.352746 0.439234 0.640824 0.521524
1076380154786 0.365568 0.435146 0.629002 0.530436
1076520138016 0.369061 0.439454 0.629425 0.523924
1076660121213 0.355997 0.432272 0.650913 0.512560
1076800104178 0.350163 0.427489 0.660234 0.508654
1076940086477 0.359615 0.424433 0.652872 0.514091
1077080069008 0.372802 0.422730 0.632198 0.531641
1077220051572 0.373675 0.422281 0.609881 0.556857
1077360035969 0.377769 0.412780 0.597496 0.574369
1077500020599 0.387974 0.408196 0.579235 0.589353
1077640005197 0.398078 0.412588 0.563003 0.595258
1077779989728 0.406462 0.391778 0.554229 0.611660
1077919972793 0.422485 0.376819 0.521301 0.638558
1078059955159 0.452886 0.351567 0.474141 0.668194
1078199937656 0.483886 0.319958 0.412599 0.702312
1078339920320 0.494516 0.270357 0.348258 0.749049
1078479903550 0.505673 0.223527 0.277206 0.785802
1078619886847 0.514207 0.194029 0.222323 0.805304
1078759870044 0.516986 0.178307 0.206978 0.811228
1078899853275 0.529439 0.148126 0.190621 0.813274
1079039835707 0.546450 0.121481 0.163084 0.812426
1079179818105 0.557483 0.104886 0.143031 0.811019
1079319800602 0.551008 0.099149 0.118895 0.820014
1079459784533 0.548822 0.087502 0.098549 0.825485
1079599769430 0.552576 0.081273 0.095200 0.824008
1079739754261 0.560623 0.077032 0.103376 0.817973
1079879739092 0.562685 0.078877 0.130028 0.812561
1080019723122 0.565567 0.078270 0.137398 0.809400
1080159705387 0.564922 0.082051 0.135840 0.809738
1080299687851 0.573386 0.079615 0.125145 0.805746
1080439670349 0.559517 0.078373 0.118251 0.816587
1080579839587 0.556100 0.078378 0.104853 0.820740
1080719824217 0.561408 0.073650 0.097313 0.818490
1080859808748 0.573766 0.079101 0.115206 0.807008
1080999793379 0.561373 0.075113 0.135968 0.812853
1081139776710 0.557269 0.070878 0.137376 0.815815
1081279759009 0.572419 0.070658 0.140513 0.804735
1081419741540 0.561523 0.075308 0.132017 0.813382
1081559724070 0.555004 0.081033 0.121501 0.818926
1081699707300 0.559014 0.079659 0.112687 0.817593
1081839690530 0.565792 0.085512 0.117802 0.811596
1081979673794 0.559144 0.088322 0.141783 0.812067
1082119657024 0.556182 0.093237 0.155550 0.811031
1082259639490 0.562590 0.089724 0.152573 0.807566
1082399621888 0.585702 0.086617 0.141254 0.793408
1082539604418 0.574379 0.086212 0.117676 0.805486
1082679588016 0.563082 0.080675 0.099130 0.816457
1082819572646 0.567263 0.076581 0.092327 0.814753
1082959557310 0.579030 0.083400 0.098210 0.805061
1083099541775 0.575789 0.083164 0.110797 0.805775
1083239525772 0.565902 0.078879 0.122032 0.811566
1083379508071 0.571416 0.079761 0.120405 0.807851
1083519490469 0.579295 0.074258 0.107324 0.804601
1083659473032 0.567379 0.074226 0.091384 0.814996
1083799456095 0.566552 0.067929 0.083091 0.817006
1083939439392 0.570616 0.070839 0.084801 0.813749
1084079555922 0.566298 0.074779 0.100731 0.814596
1084219772419 0.556777 0.074673 0.115666 0.819172
1084359988482 0.556925 0.067025 0.117513 0.819470
1084500204112 0.567137 0.073110 0.115339 0.812223
1084640353309 0.564139 0.072215 0.103157 0.816020
1084780336340 0.562720 0.070006 0.091505 0.818578
1084920321170 0.570443 0.063918 0.080693 0.814860
1085060306134 0.576416 0.069734 0.086769 0.809538
1085200290897 0.571798 0.077588 0.103744 0.810101
1085340275595 0.561136 0.081388 0.119516 0.814995
1085480258194 0.566540 0.079457 0.119139 0.811495
1085620240626 0.577191 0.072666 0.113205 0.805452
1085760223156 0.570748 0.070258 0.097838 0.812242
1085900206453 0.558630 0.070584 0.086075 0.821913
1086040191083 0.565429 0.061987 0.078901 0.818670
1086180175680 0.575356 0.064090 0.093033 0.810063
1086320160145 0.565407 0.074537 0.104475 0.814766
1086460144376 0.550144 0.077756 0.125435 0.821924
1086600126808 0.562800 0.082139 0.123069 0.813241
1086740109173 0.581287 0.079452 0.104824 0.802996
1086880091703 0.572318 0.079379 0.084928 0.811749
1087020074734 0.571535 0.065805 0.080956 0.813918
1087160057964 0.569505 0.065071 0.085513 0.814933
1087300041194 0.566904 0.070941 0.103538 0.814166
1087440024491 0.557472 0.073520 0.122969 0.817739
1087580007322 0.557353 0.066662 0.129500 0.817400
1087719989654 0.567779 0.061766 0.125995 0.811132
1087859972184 0.564070 0.063425 0.113236 0.815462
1087999955015 0.562328 0.067233 0.099573 0.818139
1088139939579 0.563295 0.064187 0.092208 0.818581
1088279924209 0.570206 0.065333 0.095182 0.813348
1088419908708 0.563326 0.077211 0.110816 0.815120
1088559893272 0.552774 0.076439 0.122552 0.820718
1088699875937 0.546488 0.070126 0.119963 0.825858
1088839858236 0.553520 0.060650 0.104731 0.823994
1088979840833 0.543412 0.065740 0.091074 0.831917
1089119823663 0.541672 0.060239 0.077947 0.834797
1089259806893 0.549172 0.049183 0.066229 0.831627
1089399790123 0.555711 0.051957 0.072553 0.826571
1089539773320 0.552360 0.054368 0.083632 0.827615
1089679756384 0.543424 0.050115 0.094686 0.832593
1089819738683 0.552894 0.051435 0.092783 0.826470
1089959721214 0.560246 0.041764 0.080696 0.823327
1090099703711 0.545176 0.043248 0.063427 0.834798
1090239688042 0.553615 0.050503 0.058471 0.829180
1090379672906 0.574698 0.050724 0.058601 0.814687
1090519657669 0.570274 0.063514 0.081221 0.814957
1090659642533 0.557116 0.060814 0.088625 0.823449
1090799626064 0.553321 0.058983 0.093381 0.825612
1090939608430 0.564011 0.056335 0.096645 0.818155
1091079590960 0.552074 0.072979 0.095277 0.825112
1091219573558 0.546871 0.080879 0.092782 0.828119
1091359558021 0.557910 0.072127 0.079480 0.822931
1091499542718 0.566751 0.069023 0.091277 0.815902
1091639527183 0.563627 0.077099 0.108787 0.815196
1091779511780 0.558791 0.074401 0.119418 0.817285
1091919494746 0.563677 0.071001 0.117594 0.814492
1092059477045 0.573817 0.059549 0.098760 0.810822
1092199459575 0.558805 0.063991 0.086329 0.822306
1092339442339 0.554491 0.061176 0.076319 0.826421
1092479425636 0.562907 0.063552 0.072033 0.820918
1092619408899 0.575718 0.074024 0.086668 0.809665
1092759392063 0.564867 0.080825 0.109933 0.813822
1092899375260 0.561743 0.072310 0.110592 0.816691
1093039357559 0.570300 0.070429 0.112066 0.810702
1093179339990 0.563730 0.064436 0.097763 0.817617
1093319322521 0.562670 0.066960 0.083436 0.819729
1093459306551 0.563968 0.065565 0.075942 0.819678
1093599291214 0.563630 0.067480 0.091176 0.818201
1093739275778 0.559599 0.078735 0.112959 0.817244
1093879260276 0.556845 0.075445 0.127630 0.817277
1094019243841 0.560201 0.077531 0.129691 0.814459
1094159226140 0.570161 0.077500 0.126349 0.808050
1094299208637 0.569386 0.065084 0.097523 0.813665
1094439191201 0.556881 0.057891 0.076926 0.824993
1094579174431 0.557862 0.055590 0.066660 0.825381
1094719157694 0.562628 0.058270 0.075586 0.821182
1094859140925 0.554794 0.066875 0.099351 0.823322
1094999124155 0.547417 0.074069 0.116179 0.825439
1095139106653 0.553106 0.071086 0.118025 0.821638
1095279089051 0.572317 0.057376 0.102870 0.811528
1095419071581 0.562813 0.041680 0.090691 0.820535
1095559054945 0.556622 0.041854 0.078767 0.825963
1095699039809 0.563256 0.035451 0.068353 0.822686
1095839024739 0.567032 0.045191 0.092796 0.817202
1095979009469 0.548609 0.054503 0.112635 0.826662
1096118993866 0.546009 0.054552 0.118682 0.827533
1096258976332 0.554888 0.058853 0.118636 0.821316
1096398958763 0.557486 0.059721 0.104100 0.821465
1096538941260 0.551834 0.060953 0.094828 0.826299
1096678925124 0.556946 0.060185 0.084650 0.824028
1096818909821 0.568712 0.066950 0.091531 0.814681
1096958894385 0.559482 0.077243 0.112226 0.817568
1097098878883 0.551422 0.079466 0.124753 0.821008
1097238862614 0.553374 0.074873 0.124908 0.820102
1097378844913 0.570909 0.062988 0.108042 0.811431
1097518827344 0.564011 0.061227 0.087564 0.818825
1097658809874 0.562970 0.055713 0.066013 0.821950
1097798793104 0.567577 0.050897 0.056974 0.819767
1097938776334 0.574413 0.053061 0.066471 0.814134
1098078759531 0.564978 0.053088 0.078008 0.819692
1098218742828 0.555109 0.051207 0.092295 0.825053
1098358725493 0.564269 0.055780 0.096770 0.818000
1098498707825 0.567312 0.055688 0.087587 0.816935
1098638690422 0.561911 0.062891 0.081459 0.820770
1098778673586 0.561531 0.050794 0.069635 0.822954
1098918658450 0.568062 0.044761 0.077673 0.818088
1099058643347 0.563496 0.047399 0.090565 0.819769
1099198628211 0.557413 0.048408 0.103709 0.822308
1099338612742 0.559454 0.049199 0.105475 0.820649
1099478595274 0.568601 0.043297 0.104601 0.814786
1099618577672 0.559184 0.054140 0.099664 0.821248
1099758560136 0.547500 0.052013 0.090473 0.830272
1099898543734 0.557404 0.054625 0.079335 0.824634
1100038528364 0.569989 0.058899 0.090509 0.814524
1100178512995 0.555926 0.062278 0.105237 0.822187
1100318497526 0.549335 0.056909 0.114799 0.825719
1100458481523 0.555898 0.061657 0.119052 0.820366
1100598463822 0.564983 0.060836 0.104362 0.816211
1100738446486 0.550745 0.063978 0.094968 0.826781
1100878428917 0.551309 0.054650 0.082753 0.828386
1101018411980 0.560270 0.050047 0.077729 0.823134
1101158395310 0.559016 0.059113 0.093500 0.821744
1101298617149 0.553319 0.054785 0.100360 0.825084
1101438600379 0.559669 0.043383 0.100671 0.821433
1101578583144 0.566583 0.033647 0.086272 0.818784
1101738562976 0.559885 0.036557 0.048580 0.826336
1101878545506 0.555498 0.016816 -0.002533 0.831343
1102018528771 0.561328 -0.019947 -0.061141 0.825090
1102158513501 0.560968 -0.043711 -0.106274 0.819822
1102298498131 0.556041 -0.062251 -0.133429 0.818009
1102438482563 0.546424 -0.090626 -0.166575 0.815757
1102578466827 0.540116 -0.135784 -0.223337 0.799972
1102718449326 0.529243 -0.176604 -0.281674 0.780622
1102858431691 0.522959 -0.208856 -0.335584 0.755165
1102998414221 0.506118 -0.238348 -0.386381 0.733309
1103138397318 0.493232 -0.271511 -0.427765 0.707120
1103278380516 0.489794 -0.281236 -0.446069 0.694283
1103418363713 0.483334 -0.278169 -0.443506 0.701649
1103558347044 0.478256 -0.281524 -0.436126 0.708384
1103698329976 0.474472 -0.297459 -0.440134 0.701908
1103838312208 0.477925 -0.313106 -0.447236 0.688136
1103978294738 0.475870 -0.319324 -0.467332 0.673186
1104118277468 0.467479 -0.319069 -0.492226 0.661340
1104258262165 0.457873 -0.331190 -0.507602 0.650387
1104398246996 0.463215 -0.338839 -0.510856 0.640035
1104538231827 0.465423 -0.326423 -0.490881 0.660200
1104678216625 0.461426 -0.317661 -0.480140 0.675012
1104818199490 0.462214 -0.325445 -0.476492 0.673348
1104958181855 0.473193 -0.349016 -0.477993 0.652531
1105098164385 0.465753 -0.347502 -0.493548 0.647090
1105238147350 0.451153 -0.352567 -0.516055 0.637057
1105378131980 0.450686 -0.364747 -0.521762 0.625783
1105518116677 0.460202 -0.365155 -0.506424 0.631196
1105658101175 0.450636 -0.355762 -0.496250 0.651225
1105798085639 0.438775 -0.355608 -0.494160 0.660926
1105938068104 0.447615 -0.353684 -0.489860 0.659229
1106078050536 0.447762 -0.368384 -0.497634 0.645106
1106218033066 0.446350 -0.351949 -0.509296 0.646157
1106358015897 0.447596 -0.350292 -0.518945 0.638473
1106497999194 0.453357 -0.354067 -0.517195 0.633728
1106637982424 0.458769 -0.354839 -0.504540 0.639576
1106777965621 0.445745 -0.341707 -0.499515 0.659569
1106917948552 0.444650 -0.337455 -0.487968 0.671041
1107057930918 0.452230 -0.342194 -0.480450 0.668998
1107197913448 0.458157 -0.334501 -0.488741 0.662821
1107337896012 0.456113 -0.329356 -0.502038 0.656842
1107477880476 0.446756 -0.341203 -0.517131 0.645417
1107617865106 0.447235 -0.348416 -0.513700 0.643970
1107757849571 0.441204 -0.335198 -0.498937 0.666364
1107897834168 0.443104 -0.326693 -0.487101 0.677984
1108037817200 0.454302 -0.330240 -0.477407 0.675745
1108177799499 0.461649 -0.354381 -0.478292 0.657670
1108317781996 0.460326 -0.334691 -0.496521 0.655399
1108457764760 0.457749 -0.330893 -0.503892 0.653503
1108597747990 0.463822 -0.341791 -0.499756 0.646753
1108737731220 0.465883 -0.341278 -0.488777 0.653894
1108877714484 0.459943 -0.333229 -0.483704 0.665912
1109017697681 0.451291 -0.334668 -0.474289 0.677778
1109157679980 0.457547 -0.340328 -0.472691 0.671855
1109297662411 0.452721 -0.331454 -0.489521 0.667495
1109437644975 0.449468 -0.330158 -0.503589 0.659826
1109577628940 0.450372 -0.341624 -0.516558 0.643136
1109717613838 0.454483 -0.350872 -0.513383 0.637785
1109857598702 0.452693 -0.341001 -0.503019 0.652501
1109997583566 0.452562 -0.329587 -0.489464 0.668568
1110137567497 0.451833 -0.335038 -0.485521 0.669226
1110277549796 0.451634 -0.349246 -0.492102 0.657181
1110417532360 0.447667 -0.348151 -0.509648 0.647025
1110557514758 0.444792 -0.349052 -0.519530 0.640633
1110697499088 0.442470 -0.363137 -0.524057 0.630646
1110857481551 0.449429 -0.367248 -0.509817 0.635002
1110997465983 0.436628 -0.359480 -0.502539 0.653898
1111137450613 0.426027 -0.359496 -0.497169 0.664895
1111277433512 0.431267 -0.367820 -0.497289 0.656825
1111417415878 0.430103 -0.384515 -0.525226 0.625536
1111557398408 0.422967 -0.383836 -0.558186 0.601827
1111697381106 0.403236 -0.396193 -0.595155 0.571157
1111837364336 0.398952 -0.411801 -0.617653 0.538294
1111977347566 0.402684 -0.423789 -0.621086 0.522014
1112117330763 0.373236 -0.433927 -0.646492 0.504428
1112257313960 0.335571 -0.465745 -0.682279 0.452732
1112397296326 0.301655 -0.492647 -0.709595 0.403456
1112537278823 0.270498 -0.500069 -0.747608 0.343281
1112677261287 0.229892 -0.502794 -0.782011 0.287758
1112817245251 0.195246 -0.529060 -0.794340 0.225824
1112957229914 0.181839 -0.541450 -0.795479 0.202431
1113097214412 0.168316 -0.536559 -0.801749 0.202415
1113237198977 0.156429 -0.536120 -0.805277 0.199080
1113377182608 0.139559 -0.546091 -0.806699 0.177604
1113517164907 0.119437 -0.562160 -0.803351 0.156000
1113657147371 0.104434 -0.558844 -0.812923 0.126263
1113797129969 0.097585 -0.553418 -0.821833 0.093779
1113937113233 0.079683 -0.558230 -0.823197 0.066150
1114077096497 0.071789 -0.574834 -0.812092 0.070128
1114217079728 0.080179 -0.566800 -0.814552 0.093877
1114357062958 0.070813 -0.561711 -0.817426 0.106207
1114497045456 0.069383 -0.574175 -0.808250 0.110630
1114637027854 0.076943 -0.576306 -0.807331 0.100827
1114777010418 0.082663 -0.572271 -0.810726 0.091616
1114916993715 0.073152 -0.574677 -0.812071 0.070237
1115056978579 0.068902 -0.581469 -0.808155 0.063488
1115196963410 0.079625 -0.582031 -0.804788 0.084943
1115336948174 0.086298 -0.561525 -0.816091 0.105998
1115476932637 0.078582 -0.559141 -0.817067 0.116561
1115616915103 0.070888 -0.567503 -0.811923 0.117029
1115756897634 0.065526 -0.563236 -0.818482 0.092507
1115896880098 0.060354 -0.562311 -0.821481 0.073019
1116036863895 0.049694 -0.573795 -0.815942 0.050268
1116176848525 0.045743 -0.585462 -0.807654 0.053249
1116316833056 0.060008 -0.566958 -0.817406 0.082485
1116456817587 0.064703 -0.557670 -0.821641 0.098598
1116596801418 0.061239 -0.564350 -0.816012 0.109004
1116736783784 0.046708 -0.582373 -0.805995 0.095030
1116876766248 0.058923 -0.571249 -0.814882 0.078539
1117016748745 0.055858 -0.566417 -0.819795 0.063141
1117156731908 0.046256 -0.575343 -0.814566 0.057630
1117296715172 0.058831 -0.579809 -0.808830 0.078445
1117436698336 0.068948 -0.566367 -0.815059 0.100757
1117576681566 0.069253 -0.559101 -0.818320 0.113844
1117716664231 0.075567 -0.564752 -0.813151 0.118865
1117856646629 0.076563 -0.568293 -0.813188 0.099526
1117996629159 0.076445 -0.555499 -0.822971 0.091074
1118136612357 0.065946 -0.562963 -0.820280 0.076574
1118276597021 0.065599 -0.569517 -0.814985 0.084526
1118416581618 0.080381 -0.553318 -0.821169 0.114274
1118556566050 0.088331 -0.551715 -0.818666 0.132637
1118696550314 0.090261 -0.559322 -0.812358 0.138146
1118836532780 0.080539 -0.575855 -0.803504 0.127613
1118976515178 0.082228 -0.563271 -0.814737 0.110299
1119116497775 0.083051 -0.559840 -0.818629 0.097604
1119256480805 0.074962 -0.563232 -0.817852 0.090919
1119396464035 0.081047 -0.571719 -0.810199 0.100720
1119536447265 0.079379 -0.561376 -0.815865 0.113655
1119676430429 0.071809 -0.559254 -0.817272 0.118927
1119816413293 0.072832 -0.567343 -0.811682 0.118270
1119956395592 0.068701 -0.564767 -0.816299 0.099863
1120096378222 0.066121 -0.560132 -0.820989 0.088629
1120236360886 0.064726 -0.563683 -0.819576 0.079787
1120376345517 0.070191 -0.570141 -0.814174 0.084449
1120516330381 0.085712 -0.558559 -0.817739 0.109390
1120656315178 0.086278 -0.558856 -0.815844 0.120967
1120796300008 0.087690 -0.560281 -0.813392 0.129564
1120936283039 0.082150 -0.571264 -0.807151 0.124157
1121076265471 0.081867 -0.559867 -0.817239 0.109389
1121216248001 0.078989 -0.553011 -0.824004 0.094633
1121356230932 0.074609 -0.559218 -0.820932 0.088190
1121496215562 0.076531 -0.559988 -0.819135 0.097838
1121636200259 0.073767 -0.552883 -0.823377 0.104537
1121776184691 0.063464 -0.552750 -0.823738 0.109059
1121916409434 0.059688 -0.562239 -0.817981 0.105971
1122056391966 0.049593 -0.574720 -0.811293 0.095080
1122196374364 0.060465 -0.567133 -0.817244 0.082548
1122336356894 0.063371 -0.565301 -0.818315 0.082327
1122476339724 0.066358 -0.571770 -0.813620 0.081831
1122616323054 0.074035 -0.581783 -0.803993 0.098194
1122756306251 0.078052 -0.571819 -0.807226 0.123758
1122896289448 0.079886 -0.564092 -0.811098 0.132429
1123036272446 0.078133 -0.568964 -0.808578 0.127971
1123176254745 0.064111 -0.573892 -0.809578 0.105454
1123316237209 0.070691 -0.554501 -0.824494 0.087975
1123456219773 0.062797 -0.560809 -0.821505 0.081720
1123596204237 0.067308 -0.568270 -0.815124 0.090059
1123736188867 0.080198 -0.568312 -0.811604 0.109025
1123876173365 0.075860 -0.556282 -0.818903 0.119131
1124016157929 0.069531 -0.563781 -0.814905 0.115081
1124156141061 0.066785 -0.579491 -0.804431 0.112340
1124296123360 0.069907 -0.566226 -0.815824 0.094500
1124436105924 0.064745 -0.560759 -0.821438 0.081215
1124576088654 0.065852 -0.569898 -0.815538 0.076005
1124716071884 0.076435 -0.575934 -0.808683 0.092133
1124856055081 0.075049 -0.568587 -0.812085 0.107671
1124996038345 0.069223 -0.566175 -0.813730 0.111784
1125136021542 0.075262 -0.578484 -0.804935 0.108488
1125276003908 0.065951 -0.584139 -0.803509 0.093832
1125415986339 0.075291 -0.569782 -0.814346 0.080738
1125555968836 0.070178 -0.573047 -0.813218 0.073259
1125695952734 0.073829 -0.577269 -0.809291 0.079723
1125835937598 0.079529 -0.564572 -0.815763 0.097277
1125975922461 0.076261 -0.569549 -0.811717 0.104456
1126115907292 0.070992 -0.575868 -0.806486 0.113648
1126255891289 0.077741 -0.579610 -0.802964 0.115130
1126395873588 0.080297 -0.565365 -0.814140 0.105305
1126535856085 0.079233 -0.560577 -0.819154 0.091985
1126675838516 0.067042 -0.566146 -0.817852 0.078107
1126815822747 0.064719 -0.564787 -0.817936 0.088351
1126955807444 0.073515 -0.561109 -0.817884 0.104004
1127095791942 0.070873 -0.557585 -0.818576 0.118358
1127235776506 0.076286 -0.561498 -0.814859 0.122077
1127375759837 0.067100 -0.579486 -0.804725 0.110040
1127515742203 0.069921 -0.573538 -0.811078 0.091195
1127655724700 0.069021 -0.564175 -0.818406 0.084578
1127795707330 0.070847 -0.568178 -0.815536 0.083988
1127935690627 0.080695 -0.567555 -0.813188 0.100464
1128075673857 0.083143 -0.556702 -0.818886 0.112228
1128215657054 0.078204 -0.546768 -0.824301 0.124315
1128355640251 0.076672 -0.555498 -0.818615 0.124145
1128495622717 0.074514 -0.552637 -0.823421 0.104960
1128635605115 0.081067 -0.547712 -0.827390 0.094147
1128775587645 0.070507 -0.557969 -0.822778 0.082062
1128915571243 0.073654 -0.558805 -0.821651 0.084849
1129055555873 0.089547 -0.544848 -0.827041 0.105470
1129195540503 0.089271 -0.546580 -0.824104 0.118876
1129335524968 0.079688 -0.559635 -0.816266 0.119024
1129475509032 0.064436 -0.568338 -0.813058 0.108514
1129615491331 0.066512 -0.552973 -0.825029 0.095512
1129755473729 0.066012 -0.549528 -0.828863 0.081523
1129895456293 0.058494 -0.561025 -0.822891 0.068396
1130035439356 0.064211 -0.568450 -0.816401 0.078930
1130175422586 0.073431 -0.558978 -0.819268 0.104642
1130315405850 0.072095 -0.548198 -0.824251 0.122025
1130455389047 0.062332 -0.554531 -0.821323 0.118479
1130595371779 0.052523 -0.572356 -0.811863 0.102603
1130735354145 0.067804 -0.559607 -0.821122 0.089439
1130875336742 0.071749 -0.556018 -0.823761 0.084334
1131015319740 0.069178 -0.561273 -0.820682 0.081655
1131155304570 0.073654 -0.565392 -0.816511 0.090643
1131295289500 0.076106 -0.550192 -0.823873 0.112821
1131435274231 0.070898 -0.549107 -0.823991 0.120388
1131575258929 0.066996 -0.560582 -0.815914 0.124671
1131715241561 0.069902 -0.560711 -0.817319 0.112719
1131855224026 0.073044 -0.555331 -0.822629 0.097737
1131995206523 0.070028 -0.561980 -0.819672 0.086084
1132135189820 0.062947 -0.567550 -0.816112 0.088798
1132275174483 0.072826 -0.553935 -0.822868 0.103631
1132415159047 0.081710 -0.554499 -0.820280 0.113990
1132555143545 0.080764 -0.556066 -0.819093 0.115552
1132695127776 0.076535 -0.576866 -0.806406 0.105241
1132835110208 0.071453 -0.568074 -0.815155 0.087793
1132975092605 0.066515 -0.562849 -0.819921 0.080655
1133115075102 0.064880 -0.567222 -0.817162 0.079333
1133255058133 0.068474 -0.573392 -0.811109 0.092918
1133395041363 0.079708 -0.556241 -0.819407 0.113197
1133535024527 0.078862 -0.553293 -0.818809 0.131142
1133675007757 0.089841 -0.559419 -0.812252 0.138655
1133814990588 0.088549 -0.565344 -0.810001 0.128226
1133954972920 0.088789 -0.560067 -0.816057 0.111759
1134094955450 0.081774 -0.565122 -0.814887 0.099539
1134234938214 0.077971 -0.568902 -0.813532 0.091843
1134374922844 0.077153 -0.574042 -0.808202 0.106447
1134514907474 0.082621 -0.562555 -0.813303 0.123460
1134654891973 0.071096 -0.561224 -0.814631 0.127857
1134794876637 0.067034 -0.570721 -0.808734 0.125426
1134934859302 0.051064 -0.570911 -0.812408 0.106982
1135074841634 0.052865 -0.567131 -0.817546 0.084758
1135214824231 0.053855 -0.567546 -0.818084 0.075690
1135354806995 0.057334 -0.574936 -0.812387 0.078659
1135494790225 0.062172 -0.571334 -0.812848 0.094809
1135634773455 0.059094 -0.562290 -0.818738 0.100022
1135774756619 0.046107 -0.565723 -0.819831 0.075545
1135914739716 0.028613 -0.578554 -0.814306 0.036883
1136054722015 -0.005687 0.578918 0.815013 0.023967
1136194704546 0.023984 0.568698 0.816928 0.092919
1136334687043 0.072313 0.567895 0.803804 0.161750
1136474671307 0.105844 0.563995 0.792557 0.206298
1136614655937 0.132366 0.549466 0.790613 0.235575
1136754640468 0.161249 0.535299 0.783127 0.272331
1136894624999 0.191702 0.536483 0.763164 0.304983
1137034608297 0.233762 0.532479 0.737536 0.343306
1137174590663 0.255711 0.518140 0.716668 0.390549
1137314573127 0.266590 0.507391 0.702051 0.422619
1137454555757 0.286987 0.499259 0.684432 0.447135
1137594538987 0.292698 0.492865 0.679557 0.457835
1137734522284 0.296004 0.488178 0.682008 0.457086
1137874505448 0.303090 0.477895 0.686520 0.456554
1138014488678 0.320533 0.475789 0.678324 0.459083
1138154471144 0.336201 0.475844 0.667273 0.463989
1138294453476 0.335011 0.470939 0.658828 0.481589
1138434436006 0.330029 0.467574 0.652736 0.496376
1138574419670 0.343151 0.465323 0.642765 0.502567
1138714404600 0.351877 0.467674 0.644940 0.491440
1138854389498 0.346263 0.461654 0.657215 0.484814
1138994374261 0.339159 0.453723 0.669823 0.480044
1139134358492 0.340332 0.458240 0.666789 0.479146
1139274340857 0.354324 0.457059 0.651802 0.490615
1139414323354 0.346903 0.453272 0.641771 0.512184
1139554305851 0.357356 0.447668 0.632687 0.521148
1139694290015 0.366695 0.447349 0.625576 0.523514
1139834274612 0.355445 0.448756 0.637670 0.515414
1139974259110 0.345643 0.443861 0.657075 0.501766
1140114243708 0.347929 0.441347 0.661421 0.496667
1140254227206 0.353290 0.448012 0.656720 0.493140
1140394209505 0.345735 0.444464 0.652817 0.506702
1140534192036 0.347987 0.440820 0.639822 0.524604
1140674174567 0.359404 0.436182 0.623502 0.540201
1140814157797 0.369036 0.447871 0.618866 0.529365
1140954141027 0.343807 0.451127 0.643310 0.514229
1141094124291 0.336031 0.450003 0.654831 0.505742
1141234107554 0.335069 0.452455 0.660572 0.496646
1141374089986 0.346567 0.458531 0.650740 0.496161
1141514072385 0.332347 0.453239 0.650469 0.510890
1141654054915 0.332421 0.448200 0.644966 0.522140
1141794038212 0.346217 0.454379 0.634214 0.521003
1141934023110 0.354298 0.463387 0.637983 0.502714
1142074008074 0.349340 0.453541 0.652104 0.497012
1142213992837 0.347336 0.443462 0.661361 0.495277
1142353977234 0.353192 0.442882 0.661745 0.491123
1142493959700 0.357540 0.444009 0.650696 0.501612
1142634131957 0.350485 0.444594 0.647342 0.510336
1142774114421 0.354792 0.454478 0.640366 0.507447
1142914098285 0.368350 0.456521 0.633641 0.504384
1143054082982 0.355576 0.455274 0.649166 0.494846
1143194067513 0.346234 0.456157 0.664074 0.480673
1143334052044 0.345646 0.452652 0.674408 0.469901
1143474035775 0.358434 0.455941 0.667035 0.467659
1143614018074 0.342700 0.460189 0.661958 0.482278
1143754000538 0.337726 0.452735 0.657873 0.498170
1143893983035 0.349318 0.450993 0.645779 0.507494
1144033966265 0.351987 0.452556 0.649889 0.498939
1144173949495 0.339568 0.452050 0.664245 0.489001
1144313932659 0.334129 0.445368 0.679286 0.478094
1144453915889 0.335107 0.453991 0.676335 0.473460
1144593898554 0.355170 0.459777 0.658300 0.478642
1144733880952 0.340265 0.451926 0.658700 0.496079
1144873863482 0.334408 0.450779 0.658367 0.501518
1145013846713 0.332947 0.456235 0.662379 0.492187
1145153831343 0.328088 0.467810 0.668623 0.475873
1145293815940 0.318335 0.464328 0.684926 0.462533
1145433800439 0.321402 0.458390 0.690932 0.457374
1145573784803 0.328053 0.456929 0.686709 0.460462
1145713767269 0.341806 0.462455 0.670390 0.468913
1145853749667 0.336850 0.460261 0.664422 0.482942
1145993732197 0.328335 0.467436 0.669306 0.475108
1146153712793 0.311557 0.481397 0.687730 0.445213
1146293696023 0.285989 0.504312 0.715315 0.390131
1146433679254 0.234348 0.501501 0.764674 0.329922
1146573662484 0.192159 0.508556 0.797539 0.261486
1146713645215 0.154003 0.524446 0.814465 0.194638
1146853627514 0.124903 0.531480 0.825099 0.145388
1146993610044 0.098637 0.536381 0.831167 0.108288
1147133593008 0.065353 0.535257 0.838875 0.074274
1147273577772 0.035564 0.543996 0.837604 0.034964
1147413562702 0.001300 -0.556527 -0.830754 0.011050
1147553547466 0.027670 -0.552111 -0.831505 0.054824
1147693532197 0.038303 -0.547037 -0.832861 0.075000
1147833514862 0.051617 -0.545567 -0.830598 0.098985
1147973497260 0.059113 -0.556526 -0.822921 0.097898
1148113479790 0.075228 -0.552662 -0.824522 0.095223
1148253463055 0.087795 -0.552841 -0.823740 0.090057
1148393447785 0.088649 -0.554579 -0.822238 0.092233
1148533432382 0.100929 -0.555300 -0.817930 0.111553
1148673416847 0.107868 -0.548619 -0.818317 0.133179
1148813401145 0.104934 -0.547499 -0.817067 0.147083
1148953383577 0.107576 -0.548426 -0.815897 0.148212
1149093365942 0.105483 -0.551346 -0.815622 0.140179
1149233348472 0.108061 -0.547028 -0.820376 0.126745
1149373331470 0.114365 -0.556482 -0.816322 0.104236
1149513314700 0.104856 -0.561881 -0.815116 0.094231
1149653297897 0.107165 -0.567406 -0.810611 0.097342
1149793281195 0.108093 -0.572617 -0.804489 0.114986
1149933264093 0.107623 -0.574515 -0.801364 0.127142
1150073246392 0.104460 -0.574694 -0.801234 0.129758
1150213228922 0.097953 -0.571309 -0.805324 0.124350
1150353211585 0.082793 -0.570732 -0.810081 0.105723
1150493196115 0.084106 -0.564610 -0.815371 0.096493
1150633180745 0.090585 -0.560260 -0.818828 0.086154
1150773165277 0.089182 -0.542412 -0.831696 0.078203
1150913149908 0.073061 -0.510460 -0.853993 0.069197
1151053132640 0.076150 -0.497625 -0.861414 0.067349
1151193114939 0.071826 -0.481163 -0.870023 0.079894
1151333097469 0.074849 -0.474623 -0.872013 0.093391
1151473080232 0.086222 -0.473451 -0.870889 0.099805
1151613063462 0.100945 -0.476264 -0.866346 0.111472
1151753046759 0.125987 -0.482049 -0.858857 0.118826
