# Created at Thu Nov 21 18:15:38 GMT+09:00 2024
1137872189718903 1.291526 7.034599 6.364011
1137872457728330 0.239880 8.368598 3.923930
1137872725738174 -0.537488 8.763115 6.247361
1137872993748330 -0.141775 7.452147 3.890430
1137873261758955 0.661316 10.255039 6.951150
1137873529770049 0.433400 6.701100 3.984947
1137873797781664 -1.175474 10.286744 7.102197
1137874065793799 -0.802493 6.061917 4.552943
1137874333806455 1.412663 10.633405 7.733005
1137874601819737 0.182453 5.882754 4.721637
1137874869833591 -0.811466 11.061420 5.421538
1137875137848018 0.442373 6.341279 3.580859
1137875405863070 0.900898 10.993225 5.880960
1137875673878747 0.092124 6.542575 3.700201
1137875941894997 0.120838 10.536495 4.683950
1137876209911924 0.138784 7.252944 3.830610
1137876477929476 1.206581 10.058828 5.539384
1137876745947653 0.183051 7.482057 3.270390
1137877013966455 0.090927 8.764910 7.520941
1137877281985882 0.021535 7.968100 3.212963
1137877550005987 0.976272 8.145468 7.427022
1137877818026716 -0.074178 8.706883 4.445865
1137878086048070 -0.475274 7.787441 5.905187
1137878354070049 -0.279960 8.879167 4.267599
1137878622092653 1.164108 7.844869 3.549752
1137878890115882 -0.309571 9.714561 5.584848
1137879158139737 -0.630808 7.703094 3.591029
1137879426164216 0.010169 9.599706 6.109175
1137879694189268 0.523729 7.174580 4.004688
1137879962214893 -0.020937 10.067801 5.443672
1137880230241143 -0.246461 7.774281 3.135794
1137880498267914 -0.262014 10.226924 4.549354
1137880766295257 0.471087 7.598408 3.904788
1137881034323122 0.187837 9.987043 5.341977
1137881302351559 -0.646959 7.914859 3.415156
1137881570380518 -0.281456 9.684650 5.830112
1137881838409945 0.670289 7.889136 4.650451
1137882106439945 -0.305384 10.653744 5.786443
1137882374470414 -0.283849 7.179964 4.086642
1137882642501403 0.202194 10.978271 6.143871
1137882910532914 0.444168 6.206085 5.324928
1137883178564841 0.532702 10.290932 7.095616
1137883446597289 0.055633 6.288039 5.679963
1137883714630205 -0.362214 10.569397 6.632306
1137883982663539 -0.166301 6.497710 4.878068
1137884250697341 0.281456 9.901500 5.958427
1137884518731612 0.472283 6.071488 5.232206
1137884786766299 0.428614 10.322039 6.130711
1137885054801455 -0.270987 6.336493 4.804489
1137885322837028 -0.138186 10.506585 5.539983
1137885590873070 0.029312 6.340083 4.367499
1137885858909476 0.321536 10.701600 5.110172
1137886126946351 0.119043 6.114559 3.975376
1137886394983643 -0.457926 10.241281 6.838687
1137886663021351 -0.075972 7.553244 4.019643
1137886931059424 0.655932 9.665508 7.225427
1137887199097966 0.128614 7.206285 3.355335
1137887467136872 -0.302991 8.866006 7.838289
1137887735176195 -0.415454 7.710273 4.381856
1137888003215934 0.465703 7.721639 8.158628
1137888271256039 -0.246461 8.204690 4.683352
1137888539296507 -0.132203 7.281658 7.413264
1137888807337393 -0.301795 8.302795 4.688138
1137889075378643 1.050449 6.956533 7.178767
1137889343420257 0.189631 8.243573 4.508078
1137889611462237 -0.204586 7.637890 5.551947
1137889879504580 -0.262612 8.379964 5.497510
1137890147547289 0.988834 7.300203 4.996513
1137890415590362 -0.196810 8.666505 5.506483
1137890683633799 -0.673879 7.944769 4.654040
1137890951677601 0.665504 8.812766 5.531010
1137891219721716 0.837787 7.663613 3.753441
1137891487766143 -0.297009 9.468699 5.352146
1137891755810987 -0.643370 7.752147 2.973381
1137892023856143 0.373579 9.023932 5.159225
1137892291901612 1.443171 7.366603 3.828217
1137892559947393 -0.477069 9.646963 6.489933
1137892827993539 -0.075374 7.520342 3.707380
1137893096039945 0.553639 9.575777 6.737590
1137893364086716 0.200997 6.717850 5.129913
1137893632133799 0.096909 10.024731 6.604190
1137893900181195 -0.305982 6.434599 5.123930
1137894168228903 0.526720 9.789935 6.929615
1137894436276872 0.442971 6.594021 5.723033
1137894704325205 0.236291 9.771390 6.730412
1137894972373799 -0.132203 6.549156 4.041777
1137895240422705 0.252443 10.048658 7.034001
1137895508471872 0.417248 6.087640 5.902196
1137895776521403 0.222533 9.829716 6.994819
1137896044571143 0.994218 6.251548 5.229215
1137896312621247 0.452543 9.944571 5.676972
1137896580671559 0.538684 6.448956 5.025227
1137896848722237 0.547657 9.387342 6.581459
1137897116773122 0.094516 6.228218 5.506483
1137897384824320 0.368794 9.908080 6.168398
1137897652875778 0.289232 5.547161 4.325625
1137897920927549 0.206381 10.055838 6.154639
1137898188979580 0.090329 5.908178 5.551947
1137898457031820 0.954736 10.888241 5.305187
1137898725084372 0.282652 6.068497 4.092026
1137898993137184 -0.853041 10.715359 6.043373
1137899261190257 0.101097 6.909873 3.512065
1137899529243591 1.259821 9.908080 5.578268
1137899797297184 0.317946 7.037591 2.963810
1137900065351039 0.765404 7.272686 9.375977
1137900333405101 0.162712 7.764111 4.235894
1137900601459424 0.431007 6.842875 8.914461
1137900869514007 -0.586541 8.895318 5.681159
1137901137568851 -0.112463 7.179964 4.889434
1137901405623903 -0.295215 7.869994 5.046164
1137901673679216 1.352543 7.310970 4.476971
1137901941734789 -0.221934 9.033504 5.891129
1137902209790570 -1.702194 7.748558 2.953042
1137902477846612 -0.017348 9.697213 7.568199
1137902745902862 1.150948 6.546763 4.515256
1137903013959320 -0.232104 9.795917 4.838586
1137903282016039 -0.187238 7.375576 3.614957
1137903550072966 0.763610 8.682656 6.799804
1137903818130101 0.919442 7.247561 3.786941
1137904086187445 -0.762413 9.550653 5.923731
1137904354245049 -0.471087 6.154639 5.698507
1137904622302809 -0.208774 9.914063 7.649256
1137904890360830 0.145364 5.423333 4.712664
1137905158419007 0.180658 10.058828 7.331309
1137905426477393 0.088534 5.197510 5.578268
1137905694536039 0.365803 10.028918 7.026225
1137905962594789 0.187238 5.650651 4.503891
1137906230653851 -0.732503 10.519746 5.392226
1137906498713018 -0.383749 5.791229 4.653442
1137906766772445 0.190229 11.153544 5.273482
1137907034832028 -0.038285 6.146863 3.388237
1137907302891872 -1.114457 10.793724 4.731209
1137907570951872 -0.447757 7.063313 3.332006
1137907839012080 1.326222 10.092926 7.212865
1137908107072445 -0.310170 7.468298 3.457629
1137908375133018 0.342473 8.315956 8.375178
1137908643193799 0.209970 7.680363 3.803092
1137908911254789 1.540679 8.236993 7.976474
1137909179315882 -0.572782 8.379964 4.478766
1137909447377237 -0.524925 7.120143 6.473782
1137909715438747 -0.010768 8.885149 5.603393
1137909983500466 1.425823 7.535297 5.900402
1137910251562341 0.340678 8.065607 4.489533
1137910519624424 -0.968495 7.628319 5.398806
1137910787686664 0.123230 8.148458 5.275875
1137911055749112 1.256232 8.030911 4.595416
1137911323811768 0.074776 9.451350 4.627719
1137911591874632 -0.966700 8.040483 2.277369
1137911859937653 0.276371 9.130413 5.371887
1137912128000830 0.936790 7.706684 3.740879
1137912396064268 0.122034 10.191629 6.331110
1137912664127862 -0.364606 7.318149 3.171088
1137912932191664 0.271585 9.954143 6.780661
1137913200256172 0.661915 6.567700 4.815855
1137913468320339 -0.521336 10.134202 6.011070
1137913736384714 -0.024526 6.664609 4.895416
1137914004449245 0.648754 10.646565 6.976274
1137914272513932 1.019342 5.522635 5.653642
1137914540578828 -0.556032 10.392926 6.188138
1137914808643880 0.352642 5.456234 5.097012
1137915076709141 0.754636 10.953146 5.927919
1137915344774557 -0.015553 5.992525 3.718147
1137915612840130 0.670289 11.032109 4.426124
1137915880905912 0.465703 6.015855 4.205685
1137916148971849 1.655534 11.260623 4.848158
1137916417037995 0.566202 6.386743 3.379862
1137916685104297 0.194417 11.294721 4.109374
1137916953170807 0.663709 6.579664 2.732304
1137917221237474 0.725923 10.487443 5.644071
1137917489304297 0.069392 6.035596 4.514658
1137917757371328 -1.033101 11.260623 5.201697
1137918025438568 -0.096909 6.598807 4.119543
1137918293505964 0.636790 10.744073 7.922636
1137918561573568 0.526720 5.977570 5.812166
1137918829641432 0.208176 9.710972 6.244968
1137919097709453 0.329910 6.210870 4.871488
1137919365777734 0.259621 10.239487 6.739983
1137919633846224 1.061217 6.186344 4.159623
1137919901914974 -0.165105 9.557831 7.318149
1137920169983932 0.415454 6.766902 5.915955
1137920438053203 0.369392 10.015758 6.734001
1137920706122682 0.684646 5.923133 5.767899
1137920974192422 -0.626022 9.571589 5.187340
1137921242262474 0.189033 5.896214 5.909375
1137921510332734 0.685843 10.464711 6.381359
1137921778403307 -0.570987 6.128318 5.478966
1137922046474141 0.285045 9.972089 5.756533
1137922314545234 0.322134 5.599205 6.394519
1137922582616537 0.721137 10.670493 6.385546
1137922850688151 0.212363 5.581857 4.786542
1137923118760026 -0.197408 11.298310 5.663213
1137923386832162 0.016750 5.767899 4.406981
1137923654904505 1.130609 11.946466 4.542774
1137923922977162 -0.154935 6.463612 4.063910
1137924191049974 -0.726521 10.438988 6.089435
1137924459123099 -0.372981 7.324131 3.038586
1137924727196432 0.701396 10.829018 7.117750
1137924995269974 -0.105882 6.714859 2.946462
1137925263343776 0.174676 9.337093 7.827521
1137925531417734 0.232702 6.988238 2.568396
1137925799491953 1.789532 10.462317 7.756335
1137926067566380 -0.030508 6.936793 2.910570
1137926335640964 -0.064606 10.969297 5.150850
1137926603715807 0.987638 6.706484 3.226721
1137926871790807 1.778166 10.066605 6.142076
1137927139866068 0.456132 6.522834 5.200501
1137927407941432 -0.630808 10.612468 4.234698
1137927676017057 -0.214158 6.806384 4.041777
1137927944092787 0.614656 9.636794 7.205088
1137928212168776 0.859622 5.678766 5.320142
1137928480244870 -0.372981 9.768997 6.310173
1137928748321172 0.183649 5.247161 5.997311
1137929016397578 0.774975 10.495817 6.204888
1137929284474193 0.970888 5.542974 5.269893
1137929552550964 -0.435793 9.953544 4.926523
1137929820627839 0.042473 5.369494 5.694918
1137930088704870 1.743470 10.826625 5.713462
1137930356782057 0.200997 5.449654 5.662016
1137930624859349 -0.611067 11.095519 4.266403
1137930892936797 -0.082552 5.687739 5.041378
1137931161014349 1.711167 10.757234 4.889434
1137931429092057 0.142971 5.638088 4.590630
1137931697169870 -0.761815 10.634602 4.243073
1137931965247787 0.466301 6.230611 3.552743
1137932233325859 2.344368 10.571192 4.983951
1137932501404037 0.059222 5.717052 4.163811
1137932769482318 -0.524327 11.342578 4.472784
1137933037560755 0.172881 6.260521 4.141078
1137933305639297 2.003989 11.304891 5.444270
1137933573717943 -0.565603 5.696712 3.537788
1137933841796693 -0.647558 11.248659 4.668995
1137934109875547 0.114855 6.321538 3.099902
1137934377954557 2.165504 11.320444 4.253242
1137934646033672 -0.285643 6.012864 3.724129
1137934914112839 -0.169890 11.465808 5.155635
1137935182192162 0.142373 6.499505 3.214159
1137935450271641 1.962414 11.330613 4.826622
1137935718351172 -0.227916 6.835098 4.050750
1137935986430807 -0.637388 10.185648 6.690332
1137936254510547 -0.408874 7.389336 4.013661
1137936522590391 1.342373 9.925428 9.165708
1137936790670339 -0.149551 7.158428 3.372085
1137937058750391 -0.294616 8.686245 8.607282
1137937326830495 0.012562 7.428817 3.771388
1137937594910703 1.064806 9.358628 10.037292
1137937862991016 -0.285643 7.593024 3.703192
1137938131071328 0.260818 8.491230 7.541878
1137938399151797 0.098704 8.123034 2.961417
1137938667232266 1.725524 8.309376 10.127622
1137938935312839 -0.165105 7.679166 3.327220
1137939203393464 0.795314 7.212865 8.912068
1137939471474193 -0.158524 7.884351 3.445665
1137939739554974 0.225524 7.978867 10.365109
1137940007635807 -0.250648 7.878368 3.484548
1137940275716693 -0.014357 6.176174 9.898509
1137940543797630 0.156730 8.028518 4.121936
1137940811878672 1.528715 5.991329 9.419047
1137941079959766 -0.321536 8.268100 5.015656
1137941348040912 -0.666700 7.084849 6.148657
1137941616122109 0.767199 8.180163 5.842675
1137941884203359 1.328017 6.658627 6.130113
1137942152284714 -0.164507 8.449954 6.259325
1137942420366120 -1.137787 7.296614 5.679365
1137942688447526 0.572184 8.366205 6.361618
1137942956529089 1.534697 6.765706 4.244269
1137943224610651 -0.047258 8.662915 6.561718
1137943492692266 -1.210768 7.430612 3.479164
1137943760773984 0.108873 9.453743 7.409076
1137944028855755 1.306481 7.483253 3.208177
1137944296937578 -0.339482 9.292228 4.459025
1137944565019505 -0.529113 7.832905 3.157330
1137944833101432 0.310768 9.506385 6.812366
1137945101183464 1.153939 7.543673 3.482155
1137945369265547 -0.318545 10.173085 5.693123
1137945637347682 -0.821037 6.896713 4.014259
1137945905429870 0.584148 9.948160 6.549754
1137946173512162 1.448555 6.778867 2.351547
1137946441594453 -0.699602 10.289138 6.527022
1137946709676901 -0.494417 6.560522 3.950849
1137946977759349 0.086740 10.452148 8.066803
1137947245841901 1.310070 6.656234 4.373482
1137947513924505 -0.706182 10.121640 5.318347
1137947782007162 -1.052244 6.630512 3.503092
1137948050089922 0.661915 10.607682 6.933802
1137948318172734 0.863211 6.131309 5.196912
1137948586255651 -0.880559 10.283155 6.644270
1137948854338620 -0.563809 6.612566 4.823033
1137949122421641 0.621835 10.078569 6.570093
1137949390504766 0.089731 6.227620 5.139484
1137949658587943 -0.023928 10.067204 7.015457
1137949926671224 0.167498 6.604789 4.736592
1137950194754505 0.149551 10.661520 6.684948
1137950462837891 0.965504 7.318747 4.885845
1137950730921380 0.343669 9.730114 5.210072
1137950999004870 0.848256 8.213663 4.148855
1137951267088464 0.942174 8.967701 5.099404
1137951535172109 1.513759 7.786843 3.142374
1137951803255859 -0.648754 9.139386 5.761319
1137952071339609 -0.119641 7.979465 4.038188
1137952339423464 -0.101097 8.888738 5.339584
1137952607507370 1.765604 6.690930 5.643472
1137952875591328 0.326919 8.432606 5.368298
1137953143675339 -0.005982 6.982256 7.056733
1137953411759453 0.071186 8.045866 4.243671
1137953679843568 1.010369 6.982256 7.880761
1137953947927787 0.061615 7.980063 4.523631
1137954216012109 0.553639 6.867401 7.829316
1137954484096432 -0.016750 8.473284 4.122534
1137954752180859 1.698007 7.403692 9.289237
1137955020265287 -0.071785 8.146664 5.152645
1137955288349870 0.435793 6.864410 6.468996
1137955556434453 -0.146560 8.430213 4.618148
1137955824519141 1.520340 7.164410 7.220642
1137956092603880 -0.349053 8.904889 4.904987
1137956360688724 -0.014955 6.760322 7.067501
1137956628773568 0.125025 8.131410 3.430111
1137956896858516 1.552045 7.613363 6.290431
1137957164943516 -0.420838 8.842676 5.028816
1137957433028568 -0.147159 7.620542 6.809375
1137957701113672 0.673280 9.136993 4.681558
1137957969198880 1.533500 6.887740 4.817649
1137958237284141 -0.043071 8.957532 4.200899
1137958505369453 -0.890728 7.978867 4.424927
1137958773454818 0.726521 8.520542 5.408976
1137959041540287 1.295115 7.662416 4.645665
1137959309625755 -0.554836 9.190832 5.603991
1137959577711328 -0.896710 7.856833 2.752643
1137959845796901 0.397508 8.422437 5.454439
1137960113882578 2.650350 7.725826 3.887439
1137960381968307 0.208774 8.740383 5.360521
1137960650054037 -0.059222 8.498408 4.818846
1137960918139818 0.791127 7.776075 4.496712
1137961186225651 2.170290 6.763911 5.505287
1137961454311484 0.269791 8.679067 5.985347
1137961722397422 -0.170489 8.335098 5.519644
1137961990483359 0.126820 8.118249 4.257430
1137962258569349 1.252044 6.994221 6.578468
1137962526655391 -0.089731 8.668299 4.951049
1137962794741484 -0.404686 7.455736 5.251348
1137963062827578 0.157328 8.440981 5.815157
1137963330913724 1.298705 7.379764 3.260221
1137963598999922 -0.347258 9.361021 5.368298
1137963867086172 -0.355035 7.911270 2.233102
1137964135172422 0.343669 9.539287 7.159026
1137964403258724 0.881755 7.905886 3.699603
1137964671345078 0.025125 10.271192 5.718846
1137964939431484 -0.548256 6.969096 3.755236
1137965207517891 0.189033 10.430613 6.757929
1137965475604349 1.486840 7.173383 4.128516
1137965743690859 -0.076570 10.402497 6.671189
1137966011777422 -0.018544 7.082456 4.147061
1137966279863984 0.434596 10.019945 6.361618
1137966547950599 0.629013 6.329315 5.392226
1137966816037266 0.353240 10.573585 6.206085
1137967084123932 -0.076570 6.300003 4.995914
1137967352210651 0.233300 10.499407 7.233204
1137967620297370 0.722932 5.723033 4.851149
1137967888384141 0.342473 10.727921 6.788438
1137968156470912 0.064008 5.881558 5.163412
1137968424557734 0.061017 10.356136 5.167001
1137968692644557 0.971486 6.437590 4.401597
1137968960731432 0.167498 10.590932 7.385148
1137969228818307 0.345464 6.562316 4.756333
1137969496905182 0.483051 10.147961 5.068297
1137969764992109 1.489831 6.976872 4.447659
1137970033079089 0.986441 10.195817 5.613562
1137970301166016 0.267398 8.298608 2.872883
1137970569252995 1.366900 8.583952 4.848158
1137970837340026 2.469393 7.700701 2.271387
1137971105427057 0.620040 8.462517 5.388637
1137971373514141 0.178265 8.545667 3.211168
1137971641601224 -0.371785 8.109276 5.275875
1137971909688307 1.301097 7.217650 8.117651
1137972177775495 0.289232 8.032705 4.055535
1137972445862630 0.124427 7.758129 7.964510
1137972713949818 -0.183649 7.826923 3.652943
1137972982036774 1.278365 8.061419 8.686245
1137973250123545 0.093320 7.494021 3.242873
1137973518210784 -0.063410 8.985647 7.707880
1137973786298076 0.498604 7.280462 3.054737
1137974054385368 1.350748 8.470891 11.227124
1137974322472712 0.767199 7.399505 2.720340
1137974590560055 0.178265 8.521140 7.808977
1137974858647451 -0.122034 8.135597 3.483950
1137975126734899 0.817448 8.347063 8.802596
1137975394822347 -0.361615 7.626524 3.717549
1137975662909847 0.756431 6.988238 9.193823
1137975930997399 0.588335 7.579864 3.301497
1137976199084951 1.066601 7.446763 6.914659
1137976467172555 -0.075972 8.739784 4.504488
1137976735260212 0.042473 7.481459 4.837390
1137977003347868 0.246461 8.796615 5.763113
1137977271435576 1.495813 7.281060 3.423531
1137977539523337 -0.007777 8.739186 4.676772
1137977807611097 -0.785145 7.771290 3.563511
1137978075698857 0.010169 8.907881 5.129314
1137978343786722 1.116850 7.635497 2.729912
1137978611874534 0.086142 9.072387 5.457430
1137978879962399 0.028714 8.668898 2.781955
1137979148050316 0.757029 8.988040 5.654240
1137979416138232 1.745863 8.023732 3.421138
1137979684226149 0.752244 8.345268 5.263312
1137979952314066 0.743869 8.904889 3.594618
1137980220402034 0.684048 8.184949 5.147859
1137980488490003 1.648954 6.934998 6.747162
1137980756577972 -0.242273 8.057232 4.366901
1137981024665993 0.550050 7.337292 6.813562
1137981292753962 0.078963 8.230412 3.536592
1137981560841982 0.720539 9.033504 6.634699
1137981828930055 0.224327 7.321140 3.523431
1137982097018076 -0.691825 9.858429 5.647660
1137982365106149 -0.177667 7.383952 4.164409
1137982633194222 1.296910 9.291031 6.257530
1137982901282295 0.998405 6.741179 4.355536
1137983169370368 -0.011366 9.464511 6.483353
1137983437458493 0.510569 7.258328 3.386442
1137983705546618 1.378266 9.965508 4.658227
1137983973634743 1.323231 7.118348 3.524029
1137984241722868 -0.083151 10.142577 5.671588
1137984509810993 0.304786 6.525826 3.745067
1137984777899170 1.561616 9.932607 5.754140
1137985045987347 0.153739 6.458827 3.631706
1137985314075472 -0.700798 10.996217 7.823334
1137985582163649 -0.291625 6.820143 4.907979
1137985850251774 0.739681 9.590134 7.245168
1137986118339951 0.637388 7.120741 3.181856
1137986386428076 0.500997 9.728319 6.461818
1137986654516253 0.111266 7.134500 3.618546
1137986922604378 0.695414 9.377172 7.654640
1137987190692503 0.113659 7.505986 2.635993
1137987458780628 0.292223 9.101699 7.849655
1137987726868701 -0.223729 6.805188 3.037987
1137987994956826 1.129412 8.746365 8.365009
1137988263044899 0.233898 7.828718 4.297510
1137988531132972 0.399302 7.036394 7.770691
1137988799221045 0.006580 8.189137 4.177569
1137989067309118 0.433400 7.467102 8.387142
1137989335397139 0.007178 8.504391 3.919144
1137989603485159 -0.356231 7.273283 6.784849
1137989871573128 -0.029312 7.780263 4.416553
1137990139661149 0.414856 8.123034 5.974579
1137990407749066 0.409472 8.805588 4.261019
1137990675836982 -0.993620 7.935198 4.108177
1137990943924899 0.018544 8.902496 5.380860
1137991212012764 0.800698 8.050652 2.967399
1137991480100628 -0.146560 9.860822 4.851149
1137991748188441 -0.857827 7.678568 3.669094
1137992016276253 -0.029910 9.830314 6.389734
1137992284364066 1.463510 7.459325 3.143571
1137992552451826 0.125025 10.264611 5.886942
1137992820539534 0.209372 7.085447 3.727120
1137993088627243 0.249452 9.718150 5.924928
1137993356714951 0.961915 6.591628 4.101597
1137993624802607 0.332901 10.305887 6.249156
1137993892890264 -0.006580 6.877571 4.763512
1137994160977920 0.483051 9.924232 7.014859
1137994429065576 0.665504 6.470192 5.165805
1137994697153180 0.316750 10.095319 6.815955
1137994965240837 0.384347 6.218647 5.907580
1137995233328441 0.600299 10.409078 6.631708
1137995501416045 0.660718 6.339485 5.468198
1137995769503649 0.250050 9.770194 6.696314
1137996037591201 -0.053240 6.429813 5.324329
1137996305678805 0.561416 10.617851 7.166803
1137996573766357 0.517149 6.310771 5.804988
1137996841853909 0.740279 10.159327 6.991828
1137997109941409 0.548256 6.338886 4.779364
1137997378028909 0.466900 10.636994 6.258129
1137997646116357 0.724128 6.472585 4.490132
1137997914203805 0.566800 10.183255 6.921838
1137998182291201 0.720539 6.524031 5.323731
1137998450378545 -0.245264 10.864312 6.995417
1137998718465889 0.546461 6.300601 4.934299
1137998986553128 0.776172 10.103095 7.386344
1137999254640420 -0.057428 6.635895 5.275277
1137999522727607 0.241675 10.512568 6.600003
1137999790814743 0.729512 6.191728 5.505287
1138000058901878 0.316750 10.359726 6.636494
1138000326988909 0.271585 6.341877 5.742774
1138000595075941 -0.212363 10.380065 6.294021
1138000863162920 0.676271 6.617949 5.353343
1138001131249847 0.667298 10.173684 5.799006
1138001399336722 0.246461 6.957730 4.312465
1138001667423493 0.098704 10.337592 5.444868
1138001935510264 1.134796 7.126125 4.735396
1138002203596930 0.923031 9.824930 5.675776
1138002471683597 1.738087 7.394719 5.426922
1138002739770159 0.740279 10.394122 6.584450
1138003007856670 1.302892 7.073483 5.358128
1138003275943128 -0.348455 9.927223 5.305785
1138003544029587 0.159123 6.946962 5.567500
1138003812115941 -0.341276 10.131211 5.602196
1138004080202243 1.745863 7.567601 4.267001
1138004348288493 -0.117248 9.649955 5.869594
1138004616374691 -0.031107 7.357032 2.929712
1138004884460784 0.328714 10.225728 6.285048
1138005152546878 0.939781 6.423234 4.324429
1138005420632920 -0.068794 10.362717 7.322336
1138005688718909 -0.556630 6.983453 4.905585
1138005956804795 0.129811 10.304092 6.902097
1138006224890680 0.961915 6.732805 3.079264
1138006492976514 0.077169 9.746864 7.317551
1138006761062243 -0.361017 6.442974 5.676972
1138007029147972 0.350249 10.088738 6.658029
1138007297233649 0.595514 6.383752 4.644469
1138007565319274 0.134596 9.764811 7.078269
1138007833404847 0.016152 5.975177 5.638687
1138008101490368 0.102293 10.703993 6.852446
1138008369575837 0.678066 6.231808 5.639285
1138008637661305 0.432802 9.663713 6.565307
1138008905746670 -0.266202 5.602196 5.285446
1138009173832034 0.941576 10.416854 6.638886
1138009441917347 0.600898 5.434100 5.459823
1138009710002659 0.058026 10.024731 6.705287
1138009978087920 0.466900 5.577670 5.459823
1138010246173128 0.322134 10.508978 6.191130
1138010514258284 0.014357 5.791827 5.467001
1138010782343441 0.544068 9.693624 6.972685
1138011050428545 0.339482 6.278468 5.512465
1138011318513649 0.666102 10.053444 6.871588
1138011586598753 0.978664 6.103193 5.980561
1138011854683753 0.809671 9.487841 7.800602
1138012122768753 1.284348 7.013961 5.700900
1138012390853753 0.189631 9.725328 6.070292
1138012658938701 1.654936 7.606783 4.824230
1138012927023597 -0.318545 10.149158 6.368198
1138013195108493 -0.038883 7.502995 4.761119
1138013463193337 -0.266202 9.553643 5.941080
1138013731278128 1.505983 7.813164 3.379862
1138013999362972 0.081954 9.359825 6.302994
1138014267447712 0.282054 8.060223 3.388835
1138014535532503 0.106481 8.642576 6.389135
1138014803617243 1.344168 7.914261 3.777370
1138015071701930 0.535095 9.779167 5.635695
1138015339786618 -0.265005 8.218449 2.834598
1138015607871305 0.392124 9.060423 6.912865
1138015875955993 1.677070 7.706085 2.674877
1138016144040628 0.176471 9.589536 5.606383
1138016412125264 -0.069392 8.318947 2.361716
1138016680209847 0.265603 9.618848 4.927121
1138016948294430 1.446760 7.986644 2.003391
1138017216379014 0.493819 9.539287 5.204090
1138017484463545 -0.260818 8.331510 2.696412
1138017752548024 0.123230 9.310174 5.001298
1138018020632555 1.522732 7.810173 4.141078
1138018288717034 -0.090927 9.461520 5.119743
1138018556801462 -0.783949 7.819745 2.752643
1138018824885941 0.238086 9.888340 6.487540
1138019092970368 0.724726 7.546065 2.153540
1138019361054743 -0.101695 9.670892 5.472983
1138019629139118 -0.300000 8.260921 2.380858
1138019897223493 0.290429 9.178269 5.694320
1138020165307868 1.501197 7.916654 3.096313
1138020433392191 -0.209372 9.589536 5.517251
1138020701476462 -0.809073 7.981858 3.099902
1138020969560784 0.053839 9.178269 6.371190
1138021237645055 1.555036 7.751549 2.265405
1138021505729326 0.114855 9.838090 6.304789
1138021773813597 -0.978066 8.219047 2.079961
1138022041897816 0.023330 9.245269 5.528617
1138022309982034 1.214357 8.329117 3.033800
1138022578066305 -0.541675 9.902697 6.030810
1138022846150472 -0.667897 8.368598 2.860919
1138023114234691 0.435793 8.429017 6.064908
1138023382318909 1.585544 8.168797 3.017648
1138023650403076 1.485046 8.463115 4.357928
1138023918487243 0.543470 7.875378 6.592824
1138024186571409 -0.445962 7.272686 4.809873
1138024454655576 0.859023 6.823134 10.473085
1138024722739743 0.139980 7.813164 4.591228
1138025011445732 -0.028714 7.312765 7.401898
1138025279529847 0.209372 7.525726 5.006084
1138025547614014 0.812064 7.080063 9.020343
1138025815698128 0.041874 7.255337 4.002295
1138026083782243 -0.179462 7.643872 8.452347
1138026351866357 0.117248 6.996614 3.729513
1138026619950420 0.548854 8.096115 9.942777
1138026888034534 0.327518 7.691130 3.914957
1138027156118597 0.019143 7.311569 8.052446
1138027424202659 -0.032303 7.246963 4.578068
1138027692286722 0.722333 7.845467 8.747561
1138027960370732 0.270987 7.644470 3.987340
1138028228454795 0.229711 6.891329 9.293424
1138028496538805 -0.025125 7.437790 5.019245
1138028764622816 1.152742 7.651051 6.086443
1138029032706774 0.054437 8.013563 4.563113
1138029300790732 -0.590728 7.889734 5.395217
1138029568874691 -0.207577 7.771290 5.782854
1138029836958649 0.786940 7.208079 4.985745
1138030105042555 -0.347258 8.747561 5.754738
1138030373126462 -0.780958 6.917052 6.070292
1138030641210368 -0.014357 8.181359 5.977570
1138030909294274 1.336391 7.013363 4.936692
1138031177378128 0.162712 8.376973 5.185546
1138031445461982 -0.897907 7.108179 5.020441
1138031713545837 0.248255 7.771290 5.341378
1138031981629691 1.006780 7.260123 6.203094
1138032249713493 0.196211 8.170592 5.005486
1138032517797295 0.526122 7.010970 6.031409
1138032785881097 0.752244 7.586444 5.222634
1138033053964772 2.062613 6.335297 8.628220
1138033322048574 0.180658 8.002197 5.644669
1138033590132324 0.548854 6.761518 6.772884
1138033858216074 0.704387 7.664809 4.713861
1138034126299824 0.689432 8.835498 9.559028
1138034394383522 -0.001196 7.315756 3.827021
1138034662467220 0.506979 7.978269 10.574183
1138034930550918 -0.111864 7.621140 4.072883
1138035198634616 0.901496 8.150851 9.541679
1138035466718262 0.340080 8.378768 3.461816
1138035734801960 0.487238 7.130910 8.924630
1138036002885605 0.501595 8.491829 3.676273
1138036270969251 1.242473 7.980662 8.159824
1138036539052845 -0.019741 7.140482 3.556333
1138036807136491 0.212961 7.798807 8.712866
1138037075220137 0.153739 7.843673 3.369094
1138037343303782 0.828216 8.221439 7.899306
1138037611387428 -0.708575 7.894520 3.377469
1138037879471074 0.572184 5.793622 7.715058
1138038147554720 0.189631 7.748558 5.398806
1138038415638366 1.344168 7.274480 6.266503
1138038683722064 -0.375374 8.469695 5.502894
1138038951805710 -0.093918 7.249953 6.841678
1138039219889460 0.014955 8.026724 5.570491
1138039487973210 1.360918 7.084849 6.131309
1138039756056960 0.347258 8.472686 6.077470
1138040024140762 -0.238086 7.476075 5.416154
1138040292224616 0.463908 8.920443 6.268298
1138040560308470 1.832603 7.345068 3.716951
1138040828392324 -0.273978 9.194421 6.326922
1138041096476230 -0.713958 8.304590 3.282354
1138041364560137 0.608674 9.099904 6.099006
1138041632644095 1.390828 7.440183 3.991527
1138041900728053 0.591326 9.396316 5.769095
1138042168812012 -1.019941 8.153842 3.445066
1138042436895970 0.108873 8.925827 6.732206
1138042704979980 1.464707 6.952944 4.928318
1138042973063991 0.801296 8.782856 5.846264
1138043241148053 -0.973879 8.765508 2.442474
1138043509232116 -0.058026 8.048259 5.955436
1138043777316178 1.833201 6.948159 5.027021
1138044045400241 0.058624 9.176475 5.296214
1138044313484303 0.411266 8.570193 4.125525
1138044581568418 1.685444 8.028518 6.672984
1138044849652532 2.328216 6.637690 6.393921
1138045117736647 0.093918 7.936395 5.801997
1138045385820762 -0.127418 7.526923 5.066503
1138045653904928 -0.116052 7.465308 6.584450
1138045921989043 1.536491 5.401797 9.101101
1138046190073210 -0.906282 7.820343 4.971986
1138046458157376 -0.040678 7.713862 8.379366
1138046726241543 0.578166 7.810173 4.570889
1138046994325710 0.792323 7.366005 10.316056
1138047262409876 0.382553 7.398907 4.197908
1138047530494095 1.577169 6.764510 8.226824
1138047798578262 -0.416650 8.102695 4.478766
1138048066662480 1.246062 9.447163 8.198708
1138048334746699 -0.654138 6.972087 3.708576
1138048602830970 0.294018 10.233504 5.444270
1138048870915189 0.190828 6.543772 2.661716
1138049138999460 1.778764 10.703993 5.143672
1138049407083730 0.206979 6.424430 4.103990
1138049675168001 -0.159123 10.790134 5.067101
1138049943252324 0.357428 6.099006 3.424727
1138050211336595 1.387239 11.423934 8.306385
1138050479420918 -0.308973 6.040381 3.972385
1138050747505293 -0.738485 10.618449 7.520941
1138051015589616 0.212363 6.481558 3.223730
1138051283673991 0.423230 10.963913 6.875776
1138051551758366 -0.257228 6.386145 2.940480
1138051819842741 -0.033500 9.831510 7.917850
1138052087927116 0.416052 6.875776 3.449254
1138052356011491 0.245264 10.613066 6.605387
1138052624095918 0.003589 6.262316 3.308077
1138052892180293 -0.588335 10.980065 5.949454
1138053160264720 0.704985 5.973382 3.498307
1138053428349147 0.258425 11.073983 5.986543
1138053696433574 -0.629013 5.496314 4.235894
1138053964518001 -1.560419 10.394721 5.684150
1138054232602428 -0.403490 5.156234 5.570491
1138054500686907 -0.042473 10.225728 6.990632
1138054768771387 -0.323928 5.675776 5.763113
1138055036855866 -0.471685 9.451948 8.447561
1138055304940397 0.925424 5.331807 6.085247
1138055573024928 0.358026 9.794721 6.717850
1138055841109512 0.519542 6.044569 5.329115
1138056109194095 -0.209372 9.921839 7.626524
1138056377278678 -0.427418 6.006284 5.037191
1138056645363314 0.194417 9.712168 7.124331
1138056913447897 0.837787 5.940481 4.957031
1138057181532532 -0.227318 9.473484 7.291828
1138057449617220 0.331705 5.872585 5.453841
1138057717701855 -0.013759 9.921241 6.449554
1138057985786543 1.004387 6.189933 4.627121
1138058253871230 -0.073579 9.463913 7.278667
1138058521955918 -0.364008 6.561718 5.467001
1138058790040657 -0.143569 9.533903 6.579066
1138059058125397 0.717548 6.555138 3.491128
1138059326210085 0.115454 9.489635 5.576473
1138059594294876 -1.680659 8.305786 3.278167
1138059862379616 -0.208176 9.004789 6.366404
1138060130464355 1.235893 7.343274 2.154737
1138060398549095 -0.357428 9.490832 5.886942
1138060666633835 -1.123430 7.621140 3.586243
1138060934718626 0.113659 8.320144 6.196513
1138061202803366 0.825225 6.615556 6.452545
1138061470888157 -0.451346 8.306983 4.127918
1138061738972897 -0.245264 6.760921 8.718249
1138062007057637 -0.323928 7.504191 4.222734
1138062275142428 0.974477 8.717651 9.573384
1138062543227168 -0.005982 6.822536 2.756831
1138062811311960 0.024526 9.985249 6.297610
1138063079396751 0.140578 6.803991 2.862115
1138063347481491 0.311964 10.674681 5.675776
1138063615566282 -0.062213 5.957829 5.727221
1138063883651074 1.134198 8.595318 7.399505
1138064151735866 -0.287438 7.968698 6.274280
1138064419820657 -0.195015 8.839087 5.638687
1138064687905449 0.483649 7.368398 6.729216
1138064955990241 0.495613 7.744969 5.259125
1138065224075085 -0.203390 9.022138 6.455835
1138065492159928 0.337687 7.165606 5.829514
