# Created at Thu Nov 21 18:15:38 GMT+09:00 2024
1137872173136820 0.320073 0.255154 0.658713 0.631306
1137872317449580 0.340715 0.286199 0.636879 0.629593
1137872461762393 0.369647 0.321891 0.610921 0.621709
1137872606075309 0.370541 0.348134 0.602227 0.615487
1137872750388330 0.356413 0.338401 0.624948 0.606543
1137872894701507 0.345617 0.340924 0.639107 0.596541
1137873039014737 0.348924 0.351238 0.635692 0.592266
1137873183328174 0.353366 0.356874 0.629703 0.592661
1137873327641664 0.333732 0.340752 0.639365 0.603095
1137873471955362 0.325983 0.344013 0.639756 0.605064
1137873616269164 0.329995 0.342446 0.627055 0.616957
1137873760583122 0.325979 0.339599 0.633057 0.614532
1137873904897237 0.318650 0.335442 0.646406 0.606712
1137874049211507 0.295295 0.335840 0.667162 0.595741
1137874193525987 0.317690 0.329326 0.674458 0.579416
1137874337840570 0.320774 0.322429 0.670148 0.586554
1137874482155309 0.327513 0.332358 0.654153 0.595279
1137874626470257 0.327080 0.336858 0.637677 0.610667
1137874770785362 0.338772 0.355425 0.627387 0.604394
1137874915100622 0.338283 0.368669 0.636101 0.587386
1137875059416091 0.334104 0.357206 0.656054 0.574780
1137875203731716 0.336943 0.362799 0.656249 0.569371
1137875348047549 0.346913 0.363051 0.648040 0.572616
1137875492363539 0.351068 0.363766 0.637995 0.580851
1137875636679684 0.340139 0.360748 0.631950 0.595656
1137875780995987 0.340869 0.373573 0.626461 0.593126
1137875925312549 0.356429 0.378377 0.637998 0.568108
1137876069629216 0.348642 0.382948 0.653607 0.551904
1137876213946091 0.336059 0.373196 0.662014 0.556352
1137876358263174 0.344182 0.375675 0.652926 0.560442
1137876502580414 0.346689 0.366765 0.638841 0.580665
1137876646897862 0.327649 0.359569 0.639601 0.595203
1137876791215466 0.333471 0.370615 0.628728 0.596777
1137876935533278 0.354643 0.381915 0.624837 0.581333
1137877079851247 0.332118 0.374684 0.646343 0.575803
1137877224169424 0.323510 0.367618 0.657568 0.572540
1137877368487757 0.332277 0.378744 0.654308 0.563939
1137877512806299 0.348754 0.371348 0.645919 0.568559
1137877657125049 0.334216 0.357087 0.640419 0.592158
1137877801443955 0.337489 0.363579 0.628078 0.599524
1137877945763018 0.351399 0.373015 0.623169 0.590795
1137878090082341 0.335810 0.370207 0.645718 0.577258
1137878234401768 0.333053 0.363396 0.655403 0.572246
1137878378721403 0.341048 0.376606 0.651263 0.563658
1137878523041247 0.349710 0.366292 0.643972 0.573440
1137878667361247 0.331535 0.351343 0.645285 0.591819
1137878811681455 0.330906 0.357262 0.631274 0.603621
1137878956001820 0.343524 0.356156 0.629066 0.599517
1137879100322341 0.322016 0.350895 0.650335 0.591814
1137879244643070 0.305541 0.346551 0.671762 0.579037
1137879388963955 0.330221 0.360494 0.662199 0.567883
1137879533284997 0.346647 0.369986 0.648244 0.568090
1137879677606247 0.335072 0.360176 0.640138 0.590104
1137879821927653 0.327520 0.362437 0.631754 0.601878
1137879966249268 0.345236 0.374319 0.620259 0.596638
1137880110570987 0.355213 0.383628 0.624071 0.580680
1137880254892914 0.343887 0.379204 0.641855 0.570936
1137880399214997 0.347383 0.382630 0.640046 0.568560
1137880543537184 0.359445 0.384834 0.628153 0.572822
1137880687859632 0.357613 0.371240 0.629228 0.581692
1137880832182184 0.343050 0.371480 0.626839 0.592784
1137880976504893 0.354535 0.378113 0.612161 0.597155
1137881120827757 0.370767 0.378839 0.615409 0.583340
1137881265150778 0.341928 0.369002 0.636257 0.584893
1137881409473955 0.340247 0.365652 0.646986 0.576142
1137881553797289 0.343790 0.373132 0.647134 0.569033
1137881698120778 0.355953 0.379581 0.635052 0.570898
1137881842444372 0.336385 0.368534 0.637564 0.586975
1137881986768174 0.341358 0.371407 0.621654 0.599231
1137882131092080 0.353714 0.375903 0.620716 0.590166
1137882275416143 0.342184 0.375685 0.636821 0.579854
1137882419740362 0.338053 0.373922 0.650356 0.568278
1137882564064737 0.344686 0.378005 0.647097 0.565305
1137882708389268 0.358359 0.384367 0.632852 0.568630
1137882852713903 0.343291 0.366576 0.633779 0.588300
1137882997038695 0.322048 0.363211 0.628971 0.607255
1137883141363591 0.337290 0.360854 0.628727 0.600602
1137883285688695 0.331534 0.361505 0.641837 0.589444
1137883430013851 0.321381 0.356765 0.656783 0.581438
1137883574339216 0.335763 0.363251 0.653715 0.572686
1137883718664684 0.339926 0.383045 0.636255 0.576980
1137883862990257 0.326339 0.366202 0.635362 0.596418
1137884007315987 0.314555 0.350855 0.636943 0.610130
1137884151641872 0.326781 0.353197 0.629672 0.609901
1137884295967862 0.338318 0.359864 0.630810 0.598430
1137884440294007 0.314438 0.352484 0.651980 0.593132
1137884584620257 0.318041 0.347917 0.660222 0.584731
1137884728946612 0.326014 0.356290 0.658049 0.577706
1137884873273122 0.332925 0.354206 0.642623 0.592229
1137885017599789 0.318778 0.347209 0.634511 0.612554
1137885161926559 0.323635 0.348896 0.627028 0.616740
1137885306253434 0.334067 0.351522 0.627362 0.609301
1137885450580466 0.313993 0.346084 0.649256 0.600084
1137885594907601 0.308946 0.342093 0.660369 0.592821
1137885739234841 0.316803 0.349095 0.659182 0.585874
1137885883562237 0.321070 0.354964 0.647973 0.592491
1137886027889789 0.306581 0.339574 0.641078 0.616211
1137886172217393 0.310773 0.334601 0.632773 0.625349
1137886316545153 0.328087 0.332414 0.632582 0.617819
1137886460873018 0.313275 0.332044 0.648669 0.608961
1137886605201039 0.303213 0.320597 0.662531 0.605254
1137886749529112 0.323625 0.334570 0.656653 0.593411
1137886893857393 0.341155 0.350470 0.637550 0.595243
1137887038185726 0.325318 0.340359 0.632282 0.615259
1137887182514216 0.319544 0.328199 0.627912 0.629209
1137887326842757 0.329685 0.329310 0.622232 0.629039
1137887471171455 0.324112 0.333039 0.638011 0.613986
1137887615500309 0.317801 0.327914 0.645804 0.611893
1137887759829216 0.325390 0.337841 0.643274 0.605130
1137887904158278 0.345038 0.355766 0.632574 0.595172
1137888048487445 0.328257 0.338231 0.630964 0.616223
1137888192816716 0.317220 0.329634 0.621569 0.635897
1137888337146091 0.327143 0.335073 0.616720 0.632740
1137888481475622 0.329493 0.344552 0.627115 0.615991
1137888625805205 0.322079 0.334686 0.643959 0.607920
1137888770134945 0.326974 0.331595 0.649038 0.601566
1137888914464789 0.331263 0.350394 0.645137 0.592694
1137889058794684 0.321924 0.330959 0.646300 0.607558
1137889203124737 0.318341 0.318941 0.640625 0.621719
1137889347454893 0.333844 0.323074 0.624847 0.627485
1137889491785153 0.343457 0.339483 0.622236 0.616126
1137889636115518 0.334495 0.338783 0.639273 0.603879
1137889780445987 0.321765 0.330046 0.652177 0.601833
1137889924776559 0.331299 0.326621 0.655440 0.594944
1137890069107289 0.339491 0.331871 0.637688 0.606599
1137890213438018 0.327998 0.322438 0.628316 0.627431
1137890357768955 0.330786 0.330267 0.617822 0.632298
1137890502099945 0.340855 0.337154 0.620936 0.620148
1137890646431039 0.320248 0.333955 0.647993 0.604996
1137890790762184 0.317906 0.330893 0.657838 0.597239
1137890935093487 0.332386 0.337977 0.662869 0.579565
1137891079424893 0.337420 0.349204 0.648168 0.586585
1137891244375205 0.332634 0.338118 0.636682 0.608002
1137891388706820 0.326115 0.328653 0.630603 0.622878
1137891533038539 0.336319 0.332362 0.624965 0.621164
1137891677370309 0.330450 0.340118 0.641179 0.603334
1137891821702237 0.323716 0.334039 0.656912 0.593373
1137891966034216 0.325759 0.337615 0.663697 0.582584
1137892110366351 0.331246 0.348357 0.656897 0.580871
1137892254698539 0.327967 0.333226 0.646343 0.603026
1137892399030830 0.323827 0.324608 0.636088 0.620611
1137892543363226 0.330158 0.335939 0.628769 0.618701
1137892687695674 0.342057 0.344613 0.633832 0.602076
1137892832028278 0.323485 0.340913 0.657943 0.588427
1137892976360934 0.310820 0.348366 0.671260 0.575709
1137893120693695 0.318829 0.360989 0.670701 0.564088
1137893265026507 0.320793 0.352716 0.659561 0.581087
1137893409359476 0.315603 0.342622 0.646724 0.603948
1137893553692497 0.318629 0.345865 0.639332 0.608364
1137893698025622 0.327914 0.355010 0.638454 0.599013
1137893842358851 0.315942 0.346428 0.662231 0.584482
1137893986692132 0.305640 0.336396 0.673432 0.583019
1137894131025518 0.318315 0.342792 0.673669 0.572136
1137894275359007 0.332348 0.353045 0.654577 0.580028
1137894419692601 0.324925 0.336361 0.646064 0.603230
1137894564026247 0.326682 0.333955 0.634539 0.615722
1137894708359945 0.338727 0.330856 0.632479 0.612999
1137894852693799 0.334056 0.331333 0.645640 0.601476
1137894997027705 0.326482 0.337199 0.650776 0.596823
1137895141361716 0.335161 0.340388 0.649369 0.591711
1137895285695778 0.351853 0.348185 0.639973 0.587708
1137895430029997 0.342475 0.336438 0.633340 0.606961
1137895574364216 0.328023 0.335725 0.623614 0.625136
1137895718698591 0.338072 0.334955 0.615404 0.628324
1137895863033018 0.341133 0.343673 0.623516 0.613795
1137896007367549 0.341408 0.336980 0.643059 0.596959
1137896151702132 0.337544 0.332283 0.647772 0.596694
1137896296036820 0.362770 0.342765 0.630918 0.594014
1137896440371559 0.340444 0.336128 0.622300 0.619563
1137896584706403 0.344222 0.327719 0.616587 0.627640
1137896729041299 0.344861 0.345765 0.610929 0.623124
1137896873376351 0.354073 0.338177 0.612648 0.620428
1137897017711403 0.330797 0.328562 0.630231 0.620829
1137897162046559 0.326235 0.318094 0.646162 0.612259
1137897306381820 0.338465 0.327650 0.640750 0.606239
1137897450717184 0.367730 0.334398 0.622665 0.604352
1137897595052549 0.352553 0.325477 0.614392 0.626334
1137897739388070 0.345178 0.327024 0.609420 0.634440
1137897883723643 0.350114 0.332995 0.613643 0.624481
1137898028059268 0.337655 0.326473 0.632951 0.615449
1137898172394997 0.319904 0.328107 0.648900 0.607401
1137898316730830 0.335665 0.323812 0.648470 0.601632
1137898461066716 0.346440 0.338195 0.635527 0.601422
1137898605402653 0.328971 0.333135 0.627898 0.621726
1137898749738695 0.327295 0.326361 0.620560 0.633460
1137898894074789 0.348855 0.317013 0.605737 0.641004
1137899038410987 0.331199 0.319555 0.628273 0.627268
1137899182747237 0.319776 0.316665 0.649481 0.612895
1137899327083591 0.327779 0.322152 0.649905 0.605312
1137899471419997 0.348329 0.340070 0.635226 0.599589
1137899615756455 0.335180 0.321901 0.621032 0.631153
1137899760093018 0.327266 0.315659 0.621301 0.638155
1137899904429684 0.330820 0.323523 0.618356 0.635238
1137900048766351 0.325742 0.314585 0.637102 0.623723
1137900193103122 0.298902 0.313867 0.658646 0.615086
1137900337439997 0.313310 0.323310 0.655424 0.606404
1137900481776924 0.334061 0.347915 0.644443 0.593339
1137900626113903 0.314445 0.333086 0.643467 0.613293
1137900770450987 0.316437 0.325438 0.630870 0.629253
1137900914788122 0.324964 0.344907 0.620419 0.624914
1137901059125309 0.325639 0.345938 0.631062 0.613227
1137901203462601 0.300826 0.350661 0.650637 0.602671
1137901347799945 0.303723 0.355745 0.661858 0.585783
1137901492137341 0.316147 0.357412 0.655148 0.585738
1137901636474841 0.304492 0.334269 0.652746 0.607841
1137901780812393 0.309003 0.319126 0.634507 0.632516
1137901925150049 0.332726 0.327935 0.617241 0.633061
1137902069487757 0.338478 0.335439 0.620960 0.622352
1137902213825518 0.314873 0.335685 0.638154 0.617195
1137902358163330 0.305918 0.326462 0.654353 0.609638
1137902502501247 0.314392 0.336572 0.660265 0.593234
1137902646839216 0.322862 0.331740 0.640380 0.612881
1137902791177237 0.319916 0.321890 0.632559 0.627622
1137902935515309 0.335127 0.322356 0.615925 0.635934
1137903079853487 0.340648 0.327863 0.613859 0.632172
1137903224191716 0.318398 0.315149 0.642057 0.622147
1137903368529997 0.307045 0.312956 0.658621 0.611556
1137903512868382 0.308716 0.308150 0.667246 0.603756
1137903657206768 0.318961 0.317516 0.659644 0.601928
1137903801545257 0.328470 0.316308 0.638354 0.620130
1137903945883799 0.330630 0.325886 0.620305 0.632221
1137904090222393 0.343357 0.327707 0.606090 0.638254
1137904234561091 0.318074 0.303655 0.627062 0.642975
1137904378899789 0.307187 0.299526 0.638623 0.638812
1137904523238591 0.321381 0.311156 0.635051 0.629767
1137904667577445 0.336651 0.331844 0.626420 0.619793
1137904811916351 0.332734 0.324352 0.618260 0.633907
1137904956255309 0.323243 0.312555 0.607003 0.655263
1137905100594372 0.332592 0.317066 0.597478 0.657169
1137905244933487 0.345503 0.313863 0.610416 0.639930
1137905389272601 0.323977 0.310173 0.629057 0.634916
1137905533611820 0.315737 0.309197 0.637786 0.630822
1137905677951091 0.333209 0.325568 0.624727 0.626652
1137905822290414 0.328258 0.311228 0.620143 0.640942
1137905966629789 0.322920 0.309765 0.609512 0.654419
1137906110969216 0.332529 0.322882 0.600148 0.651916
1137906255308747 0.336639 0.335513 0.605054 0.638760
1137906399648330 0.324222 0.319646 0.631783 0.627341
1137906543987914 0.326812 0.323891 0.638128 0.617317
1137906688327601 0.350100 0.332530 0.629179 0.609087
1137906832667341 0.322692 0.321772 0.623929 0.634859
1137906977007132 0.323028 0.317369 0.616055 0.644519
1137907121346976 0.332630 0.327570 0.607150 0.642980
1137907265686872 0.339808 0.344167 0.610331 0.627356
1137907410026820 0.309053 0.335206 0.641979 0.616430
1137907554366872 0.301734 0.327693 0.657435 0.607744
1137907698706924 0.311883 0.346956 0.658277 0.590781
1137907843047080 0.320905 0.355035 0.649426 0.590945
1137907987387237 0.312557 0.347880 0.637748 0.612018
1137908131727497 0.322718 0.346751 0.618373 0.627082
1137908276067809 0.334991 0.359649 0.609776 0.621777
1137908420408174 0.318621 0.350035 0.634566 0.610968
1137908564748539 0.317706 0.346870 0.648788 0.598179
1137908709089007 0.336433 0.352127 0.647592 0.586041
1137908853429528 0.342682 0.360966 0.633122 0.592814
1137908997770101 0.343375 0.346943 0.622901 0.611325
1137909142110726 0.337076 0.343890 0.612250 0.627113
1137909286451403 0.349807 0.348753 0.606417 0.623109
1137909430792132 0.324853 0.338631 0.633801 0.614895
1137909575132914 0.306770 0.328698 0.653768 0.608636
1137909719473747 0.321158 0.337036 0.654837 0.595359
1137909863814684 0.338539 0.350171 0.639282 0.595055
1137910008155622 0.325548 0.334845 0.632034 0.618410
1137910152496612 0.319102 0.332437 0.625686 0.629426
1137910296837653 0.334177 0.333653 0.605881 0.640242
1137910441178799 0.330426 0.347390 0.610069 0.630837
1137910585519945 0.318245 0.336912 0.629565 0.623585
1137910729861195 0.325924 0.336720 0.637621 0.611418
1137910874202445 0.333504 0.352432 0.636778 0.599234
1137911018543799 0.329559 0.349781 0.623530 0.616647
1137911162885153 0.334609 0.347817 0.614852 0.623712
1137911307226612 0.351816 0.351777 0.605025 0.621630
1137911451568122 0.364370 0.372275 0.596088 0.611004
1137911595909684 0.349975 0.367722 0.617765 0.600553
1137911740251247 0.345964 0.356432 0.629158 0.597851
1137911884592914 0.359480 0.355892 0.628976 0.590342
1137912028934632 0.349537 0.344101 0.625416 0.606856
1137912173276403 0.344076 0.330032 0.618406 0.624711
1137912317618278 0.350134 0.332663 0.607716 0.630415
1137912461960153 0.361901 0.342415 0.601854 0.624141
1137912606302080 0.350789 0.342403 0.621205 0.611401
1137912750644059 0.334104 0.337053 0.640000 0.604292
1137912894986143 0.336677 0.351215 0.642842 0.591650
1137913039328776 0.353133 0.367147 0.629055 0.587189
1137913183670964 0.339461 0.344913 0.627120 0.610346
1137913328013151 0.342903 0.344212 0.608078 0.627835
1137913472355443 0.356467 0.352805 0.597745 0.625428
1137913616697734 0.341479 0.344842 0.624900 0.611536
1137913761040130 0.328884 0.339510 0.637250 0.608671
1137913905382526 0.342872 0.345789 0.636548 0.598060
1137914049725026 0.362170 0.352917 0.623811 0.595938
1137914194067578 0.365682 0.345899 0.604634 0.617291
1137914338410130 0.360536 0.321409 0.595554 0.641892
1137914482752787 0.379911 0.332253 0.579486 0.639900
1137914627095443 0.367882 0.347932 0.592735 0.626316
1137914771438203 0.349828 0.341565 0.616679 0.616977
1137914915781016 0.360321 0.357460 0.618688 0.599680
1137915060123828 0.364502 0.368021 0.619367 0.589986
1137915204466745 0.357107 0.358422 0.606986 0.612843
1137915348809662 0.358568 0.339135 0.599800 0.629807
1137915493152682 0.374511 0.334261 0.592409 0.630130
1137915637495703 0.389981 0.339500 0.596857 0.613528
1137915781838828 0.373274 0.334373 0.617868 0.605888
1137915926181953 0.360881 0.335582 0.625697 0.604692
1137916070525130 0.371515 0.343163 0.622017 0.597755
1137916214868412 0.375666 0.336393 0.602552 0.618584
1137916359211693 0.367839 0.320375 0.583388 0.649394
1137916503555026 0.373317 0.329292 0.556514 0.665202
1137916647898464 0.392312 0.334201 0.544677 0.661610
1137916792241901 0.388822 0.340140 0.544937 0.660429
1137916957205912 0.401766 0.319787 0.520039 0.682554
1137917101549505 0.424080 0.292176 0.478470 0.711235
1137917245893099 0.448740 0.270076 0.406032 0.748885
1137917390236797 0.449901 0.218551 0.326934 0.801835
1137917534580547 0.452683 0.169200 0.246662 0.840004
1137917678924297 0.473449 0.124146 0.174045 0.854483
1137917823268151 0.464364 0.104451 0.159455 0.864887
1137917967612005 0.464685 0.086235 0.131371 0.871420
1137918111955964 0.471170 0.058055 0.103084 0.874072
1137918256299974 0.470364 0.036469 0.096045 0.876472
1137918400644037 0.488032 0.005158 0.061525 0.870639
1137918544988151 0.470581 -0.009982 0.012652 0.882210
1137918689332318 0.473720 -0.012307 -0.012830 0.880496
1137918833676589 0.491133 -0.012253 -0.010099 0.870940
1137918978020859 0.477853 -0.000034 0.013712 0.878333
1137919122365234 0.465505 -0.003870 0.026874 0.884629
1137919266709662 0.473066 -0.012431 0.025748 0.880563
1137919431674818 0.494447 -0.019565 0.017252 0.868816
1137919576019401 0.480802 -0.032650 -0.007153 0.876192
1137919720364089 0.476502 -0.042550 -0.037657 0.877336
1137919864708776 0.486435 -0.051262 -0.060678 0.870098
1137920009053568 0.492928 -0.046455 -0.066227 0.866301
1137920153398412 0.479984 -0.041378 -0.037502 0.875498
1137920297743359 0.484294 -0.035957 -0.024515 0.873822
1137920442088359 0.489104 -0.042460 -0.018146 0.871002
1137920586433464 0.461419 -0.045123 -0.036441 0.885284
1137920730778620 0.456231 -0.045101 -0.057039 0.886885
1137920875123828 0.472650 -0.051332 -0.072091 0.876795
1137921019469141 0.503234 -0.049617 -0.042414 0.861681
1137921163814557 0.485595 -0.023439 -0.013813 0.873760
1137921308160026 0.478610 -0.019643 0.006543 0.877784
1137921452505547 0.502887 -0.022114 0.021909 0.863792
1137921596851172 0.501400 -0.037102 0.003450 0.864413
1137921741196849 0.481751 -0.032087 -0.026563 0.875318
1137921885542630 0.486596 -0.031181 -0.034943 0.872371
1137922029888516 0.499286 -0.017047 -0.006191 0.866247
1137922174234401 0.480265 0.003292 0.024599 0.876772
1137922318580443 0.461265 0.009397 0.044164 0.886113
1137922462926484 0.483484 0.001955 0.049420 0.873955
1137922607272682 0.489714 0.004542 0.034336 0.871195
1137922751618880 0.473043 -0.011194 -0.000508 0.880968
1137922895965182 0.463328 -0.018674 -0.026965 0.885579
1137923040311589 0.473069 -0.020642 -0.030089 0.880269
1137923184658047 0.464778 -0.022998 -0.005463 0.885112
1137923329004557 0.467515 -0.008838 0.007518 0.883909
1137923473351172 0.492679 -0.010009 0.015429 0.870017
1137923617697839 0.507252 -0.018967 0.010491 0.861525
1137923762044609 0.483193 -0.021921 -0.011622 0.875162
1137923906391380 0.479585 -0.021315 -0.034513 0.876557
1137924050738307 0.498266 -0.029301 -0.054268 0.864828
1137924195085234 0.500318 -0.026992 -0.019695 0.865197
1137924339432266 0.479129 -0.019254 0.000470 0.877533
1137924483779349 0.478513 -0.012104 0.011317 0.877924
1137924628126537 0.479689 -0.014317 0.021829 0.877050
1137924772473724 0.459880 -0.005501 -0.002698 0.887960
1137924916821016 0.450171 -0.021312 -0.016307 0.892539
1137925061168412 0.466842 -0.013670 -0.027976 0.883793
1137925205515807 0.486004 0.003451 -0.008285 0.873910
1137925349863307 0.474723 0.013596 0.035951 0.879295
1137925494210859 0.468638 0.006080 0.044653 0.882240
1137925638558464 0.480176 -0.000814 0.042510 0.876141
1137925782906120 0.477065 -0.013718 0.038536 0.877915
1137925927253828 0.471806 -0.015816 0.018232 0.881372
1137926071601641 0.472267 -0.007548 -0.021482 0.881161
1137926215949505 0.480656 -0.010457 -0.027631 0.876411
1137926360297370 0.484084 -0.007835 -0.009930 0.874930
1137926504645339 0.480210 -0.009329 -0.017446 0.876930
1137926648993412 0.483480 -0.026894 -0.048025 0.873623
1137926793341484 0.489532 -0.041687 -0.100631 0.865155
1137926937689609 0.502767 -0.080504 -0.181818 0.841241
1137927082037787 0.457204 -0.135233 -0.298566 0.826762
1137927226386068 0.434705 -0.188748 -0.399606 0.784679
1137927370734349 0.419419 -0.235363 -0.461378 0.745535
1137927515082734 0.388734 -0.253517 -0.492194 0.736451
1137927659431120 0.371769 -0.270604 -0.521531 0.718726
1137927803779609 0.355146 -0.296376 -0.547254 0.697528
1137927948128099 0.346561 -0.330971 -0.564680 0.671930
1137928092476693 0.329531 -0.336917 -0.601289 0.645250
1137928236825287 0.301747 -0.339272 -0.644989 0.614681
1137928381173984 0.306960 -0.364076 -0.654134 0.587650
1137928525522682 0.324361 -0.377773 -0.640789 0.584351
1137928669871432 0.325613 -0.360396 -0.622094 0.614076
1137928814220234 0.316646 -0.356761 -0.614308 0.628555
1137928958569089 0.317912 -0.365019 -0.613214 0.624228
1137929102917995 0.314554 -0.363405 -0.621532 0.618620
1137929247266953 0.302336 -0.354003 -0.638389 0.612971
1137929391615964 0.311731 -0.376324 -0.641862 0.590946
1137929535964974 0.323671 -0.397175 -0.632582 0.580800
1137929680314037 0.315953 -0.367256 -0.632349 0.604510
1137929824663151 0.311319 -0.349829 -0.630404 0.619104
1137929969012318 0.324982 -0.348554 -0.617145 0.626122
1137930113361537 0.339052 -0.376776 -0.598329 0.620552
1137930257710755 0.328024 -0.364120 -0.624493 0.608132
1137930402060026 0.320352 -0.347317 -0.650048 0.595133
1137930546409349 0.335613 -0.366007 -0.642059 0.584091
1137930690758724 0.326666 -0.370280 -0.628755 0.600707
1137930835108099 0.339372 -0.356418 -0.623044 0.607955
1137930979457526 0.342828 -0.341957 -0.613258 0.624059
1137931123807005 0.343011 -0.357080 -0.596199 0.631969
1137931268156484 0.325721 -0.342262 -0.620926 0.625470
1137931412506016 0.314075 -0.336566 -0.655656 0.598494
1137931577476953 0.312378 -0.362677 -0.668044 0.569739
1137931721826589 0.315955 -0.384991 -0.651024 0.572820
1137931866176224 0.317680 -0.366433 -0.646268 0.589189
1137932010525912 0.318552 -0.370775 -0.633189 0.600102
1137932154875651 0.310711 -0.379006 -0.626231 0.606340
1137932299225391 0.303914 -0.381878 -0.644528 0.588548
1137932443575182 0.290780 -0.368667 -0.664111 0.581797
1137932587925026 0.308094 -0.358010 -0.676292 0.565275
1137932732274870 0.307457 -0.367230 -0.663255 0.575070
1137932876624766 0.302364 -0.346309 -0.651557 0.603423
1137933020974662 0.295681 -0.329663 -0.641865 0.626022
1137933165324662 0.302699 -0.338316 -0.621183 0.638786
1137933309674662 0.312051 -0.358050 -0.619988 0.624532
1137933454024662 0.312493 -0.357764 -0.644396 0.599255
1137933598374714 0.311116 -0.356951 -0.667555 0.574598
1137933742724818 0.305434 -0.370153 -0.667102 0.569800
1137933887074922 0.308935 -0.361275 -0.647104 0.596067
1137934031425130 0.307157 -0.369631 -0.637903 0.601753
1137934175775287 0.321534 -0.364665 -0.623925 0.611844
1137934320125547 0.336618 -0.378864 -0.598544 0.620400
1137934464475807 0.321690 -0.368231 -0.627167 0.606287
1137934608826068 0.313463 -0.365623 -0.655313 0.581916
1137934753176380 0.319705 -0.376568 -0.660996 0.564862
1137934897526745 0.329053 -0.377210 -0.638618 0.584469
1137935041877162 0.333957 -0.363490 -0.621961 0.607875
1137935186227578 0.333091 -0.351607 -0.614483 0.622763
1137935330577995 0.332806 -0.343336 -0.605094 0.636570
1137935474928516 0.326756 -0.354593 -0.615018 0.623897
1137935619279037 0.308735 -0.343760 -0.647265 0.606267
1137935763629557 0.306698 -0.343487 -0.660855 0.592642
1137935907980130 0.299229 -0.356654 -0.667045 0.581645
1137936052330755 0.289361 -0.337315 -0.656532 0.609470
1137936196681380 0.303008 -0.321494 -0.638858 0.629832
1137936341032057 0.313661 -0.316597 -0.618533 0.647148
1137936485382734 0.334688 -0.331721 -0.608617 0.638381
1137936629733464 0.320393 -0.327279 -0.622516 0.634595
1137936774084193 0.319651 -0.333834 -0.641539 0.612214
1137936918434974 0.320566 -0.354807 -0.651683 0.588777
1137937062785755 0.315350 -0.338855 -0.642244 0.610945
1137937207136589 0.314879 -0.321072 -0.635208 0.627913
1137937351487474 0.320578 -0.329186 -0.620123 0.635856
1137937495838307 0.325026 -0.345953 -0.614010 0.630608
1137937640189193 0.306465 -0.328863 -0.637672 0.625542
1137937784540130 0.306582 -0.339998 -0.657372 0.598558
1137937928891068 0.317203 -0.365100 -0.660012 0.574863
1137938073242057 0.321836 -0.388789 -0.648666 0.569646
1137938217592995 0.316946 -0.366531 -0.644712 0.591225
1137938361944037 0.310001 -0.360268 -0.637947 0.605913
1137938506295026 0.314690 -0.362400 -0.624699 0.615944
1137938650646068 0.307542 -0.349403 -0.644901 0.606167
1137938794997162 0.296747 -0.347428 -0.667036 0.588471
1137938939348255 0.295602 -0.358436 -0.682063 0.564742
1137939083699349 0.290819 -0.364880 -0.682571 0.562481
1137939228050443 0.278722 -0.349940 -0.670248 0.592134
1137939372401589 0.278271 -0.347212 -0.664657 0.600201
1137939516752787 0.295165 -0.355244 -0.652519 0.600748
1137939661103932 0.307298 -0.371154 -0.648287 0.589522
1137939805455130 0.301075 -0.355532 -0.669971 0.578005
1137939949806380 0.291541 -0.350834 -0.692499 0.558896
1137940094157630 0.291604 -0.349518 -0.704291 0.544773
1137940238508880 0.284571 -0.335184 -0.692457 0.571991
1137940382860130 0.290205 -0.329850 -0.678767 0.588435
1137940527211432 0.287762 -0.342764 -0.665093 0.597793
1137940671562734 0.301430 -0.347435 -0.651935 0.602836
1137940815914089 0.282239 -0.319375 -0.673502 0.603933
1137940960265443 0.296132 -0.333785 -0.678357 0.583717
1137941104616797 0.289489 -0.347068 -0.691984 0.562937
1137941248968151 0.302283 -0.352491 -0.673322 0.575338
1137941393319557 0.300410 -0.342318 -0.656540 0.601272
1137941537670964 0.285484 -0.327667 -0.658457 0.614465
1137941682022422 0.299203 -0.338684 -0.642398 0.618948
1137941826373880 0.300113 -0.338906 -0.653636 0.606493
1137941970725339 0.281567 -0.338618 -0.684255 0.581250
1137942115076849 0.280663 -0.344243 -0.690660 0.570713
1137942259428359 0.288956 -0.348820 -0.683209 0.572761
1137942403779870 0.288250 -0.333315 -0.667614 0.600087
1137942548131380 0.289668 -0.308743 -0.653592 0.627366
1137942692482943 0.303067 -0.325061 -0.635624 0.631243
1137942836834557 0.324576 -0.339899 -0.627902 0.620369
1137942981186120 0.310552 -0.343441 -0.644660 0.608292
1137943125537734 0.310318 -0.333859 -0.664871 0.591766
1137943269889401 0.307569 -0.345081 -0.668491 0.582616
1137943414241016 0.306628 -0.329914 -0.650793 0.611232
1137943558592682 0.314115 -0.312155 -0.633921 0.634062
1137943702944401 0.322432 -0.310568 -0.618717 0.645580
1137943847296120 0.328931 -0.328695 -0.602311 0.648834
1137943991647839 0.314076 -0.331430 -0.632673 0.625488
1137944135999557 0.308835 -0.338704 -0.659453 0.595838
1137944280351328 0.314165 -0.365891 -0.663682 0.571796
1137944424703099 0.324631 -0.376062 -0.651380 0.573495
1137944569054922 0.321170 -0.363444 -0.641918 0.593885
1137944713406745 0.315583 -0.353920 -0.636218 0.608584
1137944857758568 0.320278 -0.365390 -0.633284 0.602382
1137945002110391 0.312530 -0.371115 -0.649543 0.585400
1137945167083984 0.302805 -0.356769 -0.676197 0.569020
1137945311435859 0.309022 -0.373210 -0.682899 0.546689
1137945455787787 0.324655 -0.379196 -0.670175 0.549249
1137945600139714 0.321611 -0.361551 -0.664130 0.569893
1137945744491641 0.302124 -0.351122 -0.663537 0.587497
1137945888843620 0.300028 -0.358061 -0.651353 0.597925
1137946033195599 0.306120 -0.371614 -0.648316 0.589813
1137946177547578 0.304760 -0.385130 -0.661473 0.566788
1137946321899609 0.296707 -0.384311 -0.685930 0.542005
1137946466251641 0.293758 -0.389359 -0.690015 0.534775
1137946610603672 0.288121 -0.368779 -0.685374 0.557899
1137946754955755 0.287955 -0.349352 -0.676139 0.581267
1137946899307839 0.290324 -0.343682 -0.665680 0.595369
1137947043659974 0.293805 -0.365758 -0.656199 0.591018
1137947188012109 0.283217 -0.374609 -0.672595 0.571903
1137947332364245 0.288169 -0.364262 -0.688666 0.556787
1137947476716432 0.301031 -0.385327 -0.690386 0.533170
1137947621068620 0.307984 -0.392996 -0.672693 0.546062
1137947765420859 0.316868 -0.374980 -0.660560 0.568018
1137947909773099 0.318830 -0.354681 -0.649230 0.592494
1137948054125339 0.324149 -0.358545 -0.632143 0.605613
1137948198477630 0.306235 -0.363576 -0.649725 0.593203
1137948342829974 0.295952 -0.358633 -0.681594 0.564999
1137948487182266 0.308568 -0.359179 -0.691340 0.545734
1137948631534609 0.316885 -0.369554 -0.680651 0.547473
1137948775887005 0.312024 -0.348675 -0.662130 0.585364
1137948920239349 0.316543 -0.336735 -0.654011 0.598899
1137949064591797 0.327591 -0.351786 -0.636836 0.602802
1137949208944193 0.330263 -0.378348 -0.635358 0.586599
1137949353296641 0.321944 -0.374023 -0.653971 0.573394
1137949497649141 0.318641 -0.365853 -0.661871 0.571442
1137949642001641 0.316945 -0.375408 -0.659246 0.569218
1137949786354141 0.319716 -0.381001 -0.643270 0.582086
1137949930706641 0.317173 -0.366405 -0.628865 0.608011
1137950075059193 0.324632 -0.365047 -0.619897 0.614071
1137950219411797 0.326463 -0.373585 -0.617699 0.610167
1137950363764349 0.321569 -0.383568 -0.630225 0.593536
1137950508116953 0.321256 -0.377494 -0.650063 0.575944
1137950652469609 0.324687 -0.384685 -0.660080 0.557575
1137950796822266 0.323775 -0.398283 -0.657965 0.551020
1137950941174922 0.320932 -0.382219 -0.663905 0.556903
1137951085527578 0.299129 -0.384970 -0.694481 0.529165
1137951229880287 0.272025 -0.407871 -0.724872 0.483946
1137951374232995 0.238812 -0.439855 -0.764259 0.406700
1137951518585755 0.182431 -0.451291 -0.815817 0.312246
1137951662938516 0.127026 -0.449757 -0.857281 0.215992
1137951807291328 0.082454 -0.463403 -0.871076 0.140310
1137951951644089 0.061274 -0.470556 -0.872940 0.113136
1137952095996901 0.036534 -0.460612 -0.881269 0.099322
1137952240349766 0.016533 -0.464326 -0.882171 0.076830
1137952384702578 0.004294 -0.479751 -0.875592 0.056228
1137952529055495 -0.013432 -0.483141 -0.875274 0.017042
1137952673408359 0.039143 0.467672 0.882766 0.021787
1137952817761276 0.055573 0.465333 0.881547 0.057010
1137952962114193 0.064910 0.472619 0.876130 0.069396
1137953106467109 0.060199 0.459891 0.884296 0.053872
1137953250820078 0.050957 0.459128 0.885911 0.042027
1137953395173047 0.049131 0.468836 0.881599 0.023694
1137953539526016 0.040321 0.472898 0.879834 0.025166
1137953683879037 0.047698 0.460783 0.884959 0.047440
1137953828232109 0.062025 0.450712 0.887519 0.072950
1137953972585130 0.067787 0.461267 0.879995 0.090797
1137954116938203 0.069075 0.481017 0.870301 0.080160
1137954261291276 0.060241 0.473439 0.876390 0.064582
1137954405644401 0.061062 0.462864 0.882888 0.050402
1137954549997526 0.066233 0.469172 0.879675 0.040772
1137954694350651 0.068425 0.465236 0.880872 0.054170
1137954838703828 0.079751 0.454385 0.883482 0.081456
1137954983057005 0.072943 0.455374 0.881786 0.098834
1137955127410234 0.082101 0.483975 0.866367 0.091836
1137955271763412 0.083506 0.485162 0.867922 0.066010
1137955416116693 0.071259 0.475570 0.875013 0.055780
1137955560469922 0.063344 0.480253 0.873536 0.047746
1137955704823203 0.065309 0.493603 0.866582 0.033564
1137955849176537 0.069685 0.484156 0.869919 0.063064
1137955993529818 0.065639 0.462367 0.879939 0.087264
1137956137883203 0.066877 0.478683 0.870947 0.088549
1137956282236537 0.065489 0.494482 0.864575 0.060875
1137956426589922 0.051687 0.495129 0.866024 0.046668
1137956570943307 0.049672 0.490259 0.869348 0.037597
1137956715296745 0.050373 0.495111 0.866355 0.041923
1137956859650130 0.063059 0.474609 0.874276 0.080066
1137957004003620 0.072728 0.474260 0.869872 0.114496
1137957148357057 0.074360 0.478858 0.866514 0.119660
1137957292710547 0.076541 0.492347 0.860688 0.104650
1137957437064037 0.064395 0.478032 0.872732 0.075336
1137957581417578 0.062066 0.470262 0.879198 0.044854
1137957725771120 0.075031 0.473855 0.876081 0.048095
1137957870124662 0.100335 0.489844 0.862443 0.078564
1137958014478255 0.097535 0.481196 0.863595 0.114636
1137958158831849 0.081375 0.475405 0.867558 0.121294
1137958303185443 0.075865 0.479963 0.867166 0.109099
1137958447539089 0.067895 0.483803 0.869155 0.076770
1137958591892734 0.058743 0.475019 0.877052 0.041073
1137958736246380 0.057071 0.483914 0.872949 0.023030
1137958880600078 0.062945 0.494228 0.866629 0.027044
1137959024953776 0.062674 0.477919 0.873573 0.067334
1137959169307526 0.076133 0.459392 0.879338 0.099634
1137959313661276 0.078572 0.467833 0.872488 0.117148
1137959458015026 0.076180 0.480573 0.867910 0.099890
1137959602368776 0.061688 0.478100 0.873304 0.070370
1137959746722578 0.056129 0.479714 0.873693 0.058149
1137959891076380 0.045814 0.485000 0.872543 0.036678
1137960035430182 0.055663 0.481937 0.871420 0.072541
1137960179783984 0.065183 0.473805 0.869042 0.126597
1137960324137839 0.087209 0.485845 0.851604 0.176405
1137960468491693 0.105070 0.491263 0.837674 0.214296
1137960612845547 0.112438 0.474308 0.845545 0.217815
1137960757199453 0.137483 0.465365 0.838876 0.246618
1137960901553307 0.172555 0.470255 0.814969 0.291395
1137961045907214 0.211371 0.465867 0.784612 0.350248
1137961190261120 0.256408 0.429973 0.748857 0.434271
1137961334615078 0.279649 0.383870 0.712333 0.516742
1137961478968984 0.317314 0.358334 0.658246 0.581052
1137961623322943 0.324479 0.359048 0.638212 0.598735
1137961767676901 0.332380 0.338567 0.642793 0.601426
1137961912030859 0.345753 0.327055 0.626217 0.617529
1137962056384870 0.370209 0.309490 0.614619 0.624023
1137962200738880 0.362849 0.302441 0.588283 0.656348
1137962345092891 0.367031 0.292164 0.567736 0.676465
1137962489446901 0.382979 0.289022 0.553829 0.680489
1137962633800912 0.396836 0.292323 0.557021 0.668428
1137962778154974 0.375142 0.288629 0.579977 0.663015
1137962922509037 0.359803 0.280755 0.603819 0.653545
1137963066863099 0.370964 0.293810 0.605092 0.640254
1137963211217162 0.400684 0.296759 0.586370 0.638402
1137963355571276 0.396980 0.291467 0.569181 0.658397
1137963499925339 0.381034 0.282736 0.560077 0.679108
1137963644279453 0.388952 0.284621 0.549591 0.682390
1137963788633568 0.385930 0.286404 0.569303 0.667027
1137963932987734 0.370974 0.288150 0.590082 0.656622
1137964077341849 0.378497 0.297512 0.588300 0.649715
1137964242318047 0.401545 0.302022 0.580756 0.640521
1137964386672214 0.393708 0.293203 0.566095 0.662240
1137964531026380 0.381220 0.290579 0.552283 0.682069
1137964675380599 0.396938 0.297850 0.534747 0.683938
1137964819734766 0.397909 0.304984 0.557389 0.661794
1137964964088984 0.380616 0.302640 0.574561 0.658346
1137965108443255 0.381611 0.304649 0.579236 0.652723
1137965252797474 0.382227 0.304727 0.586827 0.645506
1137965397151745 0.376245 0.303787 0.571193 0.663244
1137965541505964 0.373756 0.286657 0.558917 0.682456
1137965685860234 0.382009 0.288962 0.548829 0.685096
1137965830214557 0.393443 0.300337 0.559242 0.665017
1137965974568828 0.383338 0.301873 0.580901 0.651520
1137966118923151 0.371425 0.299274 0.592650 0.649033
1137966263277474 0.377159 0.308449 0.594752 0.639438
1137966407631797 0.396627 0.310653 0.579406 0.640680
1137966551986120 0.374153 0.296245 0.571627 0.667451
1137966696340443 0.373194 0.298039 0.560264 0.676760
1137966840694818 0.387016 0.304325 0.558367 0.667706
1137966985049193 0.375587 0.298331 0.580390 0.658089
1137967129403568 0.366125 0.291099 0.588748 0.659234
1137967273757943 0.380104 0.294376 0.583864 0.654191
1137967418112318 0.394621 0.312841 0.569586 0.649597
1137967562466693 0.378807 0.304674 0.557290 0.673133
1137967706821120 0.369908 0.290877 0.556329 0.684878
1137967851175547 0.373042 0.300414 0.558154 0.677537
1137967995529974 0.376807 0.301481 0.565928 0.668469
1137968139884349 0.378369 0.301321 0.572957 0.661636
1137968284238828 0.384420 0.299085 0.573527 0.658662
1137968428593255 0.400889 0.310939 0.567306 0.648667
1137968572947682 0.388296 0.297054 0.565294 0.664400
1137968717302162 0.380944 0.287714 0.556284 0.680184
1137968861656589 0.387222 0.294620 0.540376 0.686477
1137969006011068 0.399566 0.291325 0.545484 0.676701
1137969150365547 0.391678 0.290078 0.568850 0.662460
1137969294720026 0.386264 0.289148 0.579543 0.656752
1137969439074505 0.394974 0.297114 0.577036 0.650190
1137969583428984 0.405960 0.299353 0.568178 0.650198
1137969727783464 0.399086 0.285561 0.557003 0.670025
1137969872137995 0.387093 0.291452 0.544673 0.684504
1137970016492526 0.397861 0.289472 0.534698 0.687030
1137970160847005 0.410962 0.302039 0.546282 0.664423
1137970305201537 0.409693 0.299816 0.560095 0.654642
1137970449556068 0.415350 0.286425 0.559290 0.657754
1137970593910599 0.420715 0.287264 0.551876 0.660235
1137970738265182 0.431598 0.276406 0.509325 0.691311
1137970882619714 0.441289 0.247846 0.453199 0.733789
1137971026974245 0.445808 0.208902 0.381524 0.782340
1137971171328828 0.451713 0.182164 0.318505 0.813219
1137971315683412 0.460153 0.153347 0.291197 0.824590
1137971460037995 0.465608 0.116890 0.240670 0.843578
1137971604392578 0.478592 0.082231 0.174352 0.856615
1137971748747162 0.477386 0.057225 0.121871 0.868318
1137971893101745 0.461049 0.025719 0.066863 0.884478
1137972037456380 0.477430 -0.004675 0.010720 0.878592
1137972181811016 0.488076 -0.017043 -0.030347 0.872107
1137972326165599 0.494544 -0.033064 -0.039797 0.867611
1137972470520234 0.487903 -0.032246 -0.031057 0.871749
1137972614874870 0.480950 -0.041173 -0.032040 0.875195
1137972759229505 0.487279 -0.048068 -0.043449 0.870839
1137972903584193 0.496711 -0.060360 -0.054301 0.864110
1137973047938128 0.486770 -0.069211 -0.075952 0.867465
1137973192292816 0.479078 -0.068029 -0.097202 0.869717
1137973336647451 0.483609 -0.077195 -0.104713 0.865563
1137973481002139 0.495618 -0.076008 -0.092758 0.860222
1137973625356826 0.482314 -0.073874 -0.072266 0.869881
1137973769711514 0.482359 -0.078135 -0.064592 0.870088
1137973914066201 0.487988 -0.079687 -0.071662 0.866246
1137974058420889 0.465884 -0.083758 -0.096419 0.875580
1137974202775628 0.479040 -0.086934 -0.110279 0.866488
1137974347130316 0.487327 -0.099295 -0.125051 0.858496
1137974491485055 0.493359 -0.102773 -0.118949 0.855503
1137974635839795 0.486267 -0.092757 -0.100323 0.863062
1137974780194534 0.469311 -0.076937 -0.082559 0.875792
1137974924549274 0.473191 -0.077770 -0.078059 0.874042
1137975068904066 0.494603 -0.089389 -0.083343 0.860483
1137975213258857 0.482883 -0.094929 -0.111702 0.863328
1137975357613649 0.473214 -0.082425 -0.127043 0.867833
1137975501968441 0.485693 -0.088023 -0.123659 0.860850
1137975646323232 0.473721 -0.080655 -0.096819 0.871613
1137975790678076 0.460119 -0.065263 -0.079418 0.881887
1137975935032920 0.465173 -0.066431 -0.065832 0.880265
1137976079387764 0.483258 -0.067726 -0.059104 0.870851
1137976223742607 0.480953 -0.076298 -0.084413 0.869332
1137976368097451 0.470388 -0.068772 -0.105341 0.873446
1137976512452347 0.472525 -0.074320 -0.115827 0.870506
1137976656807243 0.481521 -0.075798 -0.100853 0.867307
1137976801162139 0.475619 -0.073496 -0.089523 0.871992
1137976945517034 0.468078 -0.073004 -0.080891 0.876944
1137977089871930 0.477006 -0.066661 -0.079460 0.872759
1137977234226826 0.469010 -0.076944 -0.109045 0.873051
1137977378581774 0.467292 -0.066013 -0.121351 0.873243
1137977522936722 0.481199 -0.068162 -0.130401 0.864174
1137977667291670 0.497614 -0.069804 -0.124940 0.855510
1137977811646618 0.485691 -0.065109 -0.099104 0.866051
1137977956001566 0.472549 -0.059231 -0.088046 0.874892
1137978100356566 0.474896 -0.064993 -0.085795 0.873435
1137978244711514 0.484175 -0.071507 -0.098535 0.866460
1137978389066514 0.474318 -0.069431 -0.117581 0.869699
1137978533421514 0.478080 -0.065847 -0.122943 0.867173
1137978677776514 0.479731 -0.082201 -0.097944 0.868049
1137978822131514 0.470899 -0.073200 -0.083155 0.875204
1137978966486514 0.468356 -0.063438 -0.065854 0.878796
1137979110841566 0.477116 -0.068557 -0.072530 0.873155
1137979255196566 0.487416 -0.080879 -0.103210 0.863268
1137979399551618 0.479076 -0.100271 -0.159097 0.857392
1137979543906618 0.464020 -0.111482 -0.205012 0.854533
1137979688261670 0.468614 -0.136623 -0.240790 0.838901
1137979832616722 0.479572 -0.148084 -0.263430 0.823824
1137979976971774 0.466619 -0.177394 -0.302614 0.811925
1137980121326826 0.447083 -0.203199 -0.354932 0.795519
1137980265681878 0.431745 -0.247594 -0.411618 0.763455
1137980410036930 0.413215 -0.289770 -0.477016 0.719544
1137980554391982 0.376548 -0.318269 -0.546268 0.677132
1137980698747087 0.355756 -0.332158 -0.602559 0.632481
1137980843102139 0.339655 -0.356884 -0.633363 0.596758
1137980987457191 0.321620 -0.354845 -0.641063 0.599736
1137981131812295 0.303364 -0.356489 -0.645492 0.603512
1137981276167347 0.296860 -0.383144 -0.651306 0.583846
1137981420522451 0.306596 -0.400254 -0.656044 0.561607
1137981564877555 0.288844 -0.394435 -0.687967 0.536370
1137981709232607 0.271301 -0.397027 -0.706011 0.519918
1137981853587712 0.265840 -0.405441 -0.713178 0.506284
1137981997942816 0.270991 -0.414819 -0.705824 0.506263
1137982142297920 0.281186 -0.406690 -0.704428 0.509234
1137982286653024 0.274946 -0.388026 -0.697545 0.535977
1137982431008180 0.270949 -0.402185 -0.697613 0.527419
1137982575363284 0.252982 -0.420304 -0.703850 0.513750
1137982719718389 0.248054 -0.423466 -0.719010 0.492108
1137982864073493 0.263326 -0.415962 -0.715981 0.494981
1137983008428649 0.276985 -0.428922 -0.714176 0.478809
1137983152783753 0.262528 -0.425608 -0.709265 0.496870
1137983297138909 0.260394 -0.412982 -0.699099 0.522399
1137983441494014 0.257584 -0.431337 -0.685345 0.527162
1137983585849170 0.273762 -0.436388 -0.679487 0.522416
1137983730204326 0.255855 -0.441339 -0.696691 0.504360
1137983874559482 0.266967 -0.420455 -0.707746 0.501041
1137984018914587 0.258099 -0.424092 -0.713917 0.493815
1137984163269743 0.265644 -0.422954 -0.713955 0.490725
1137984307624899 0.269135 -0.415261 -0.713689 0.495755
1137984451980055 0.264747 -0.403570 -0.711720 0.510387
1137984596335212 0.262695 -0.424349 -0.702580 0.507248
1137984740690368 0.256118 -0.430454 -0.701943 0.506350
1137984905667712 0.263878 -0.430566 -0.721842 0.473207
1137985050022868 0.262524 -0.420649 -0.722373 0.481988
1137985194378024 0.266432 -0.428814 -0.716584 0.481290
1137985338733180 0.256056 -0.393642 -0.722433 0.507515
1137985483088337 0.256015 -0.392250 -0.711765 0.523438
1137985627443493 0.268348 -0.382284 -0.701097 0.538805
1137985771798649 0.278813 -0.400518 -0.696021 0.526690
1137985916153805 0.277265 -0.386950 -0.708641 0.520789
1137986060508962 0.262813 -0.380145 -0.723805 0.512372
1137986204864118 0.267268 -0.402504 -0.718662 0.500084
1137986349219274 0.277691 -0.405512 -0.705057 0.511217
1137986493574430 0.263125 -0.380977 -0.709610 0.531107
1137986637929587 0.257874 -0.379954 -0.705382 0.539974
1137986782284743 0.271457 -0.383439 -0.697941 0.540521
1137986926639899 0.271349 -0.390208 -0.705355 0.525910
1137987070995055 0.258643 -0.378754 -0.726176 0.512170
1137987215350212 0.263657 -0.383375 -0.729612 0.501173
1137987359705316 0.261508 -0.390094 -0.723748 0.505597
1137987504060472 0.266335 -0.377298 -0.713298 0.527180
1137987648415628 0.273238 -0.372060 -0.704958 0.538467
1137987792770732 0.281036 -0.379569 -0.699023 0.536948
1137987937125889 0.278835 -0.407726 -0.697154 0.519602
1137988081480993 0.263280 -0.382412 -0.720853 0.514603
1137988225836149 0.255070 -0.378985 -0.734549 0.501745
1137988370191253 0.260718 -0.400102 -0.728899 0.490562
1137988514546357 0.264112 -0.393896 -0.715944 0.512363
1137988658901462 0.265000 -0.370297 -0.714274 0.531476
1137988803256566 0.273180 -0.376938 -0.703347 0.537209
1137988947611670 0.283397 -0.385666 -0.696768 0.534286
1137989091966774 0.275395 -0.379121 -0.708449 0.527754
1137989236321878 0.264984 -0.382546 -0.726264 0.505947
1137989380676982 0.266249 -0.404799 -0.723530 0.491685
1137989525032087 0.276714 -0.415949 -0.709460 0.497074
1137989669387139 0.266944 -0.390247 -0.710171 0.521638
1137989813742243 0.261642 -0.387229 -0.707870 0.529639
1137989958097295 0.278460 -0.404914 -0.690073 0.531323
1137990102452347 0.276892 -0.399752 -0.704117 0.517443
1137990246807399 0.267053 -0.391037 -0.720358 0.506810
1137990391162451 0.265634 -0.399647 -0.722745 0.497354
1137990535517503 0.277644 -0.414271 -0.711568 0.494938
1137990679872555 0.273778 -0.402194 -0.709060 0.510411
1137990824227555 0.273745 -0.389874 -0.708097 0.521212
1137990968582607 0.281147 -0.401961 -0.701421 0.517100
1137991112937607 0.278272 -0.402882 -0.709310 0.507081
1137991257292607 0.278650 -0.387524 -0.728699 0.491098
1137991401647607 0.281638 -0.400323 -0.728272 0.479626
1137991546002607 0.279421 -0.413877 -0.724423 0.475228
1137991690357555 0.286886 -0.402144 -0.714688 0.495174
1137991834712555 0.285884 -0.386287 -0.710380 0.514212
1137991979067503 0.277971 -0.395528 -0.706978 0.516209
1137992123422503 0.280258 -0.423102 -0.696813 0.506846
1137992267777451 0.268322 -0.406014 -0.712431 0.505567
1137992432754534 0.263982 -0.402574 -0.724128 0.493849
1137992597731618 0.254543 -0.428410 -0.713235 0.492918
1137992742086566 0.248364 -0.410119 -0.709942 0.515849
1137992886441462 0.253436 -0.387950 -0.710623 0.529414
1137993030796409 0.272800 -0.403766 -0.697555 0.525329
1137993175151305 0.289258 -0.429457 -0.690989 0.504411
1137993319506201 0.274486 -0.416025 -0.712175 0.494356
1137993463861149 0.266991 -0.413156 -0.720393 0.488928
1137993608216045 0.267767 -0.423135 -0.716618 0.485506
1137993752570941 0.274957 -0.422125 -0.701579 0.503979
1137993896925837 0.273130 -0.398560 -0.697030 0.529811
1137994041280732 0.282007 -0.400694 -0.689379 0.533547
1137994185635576 0.286803 -0.413175 -0.678294 0.535676
1137994329990472 0.279732 -0.404981 -0.691144 0.529207
1137994474345368 0.268340 -0.394606 -0.709676 0.518305
1137994618700212 0.272425 -0.408530 -0.710807 0.503628
1137994763055107 0.290450 -0.422882 -0.695528 0.503041
1137994907410003 0.287803 -0.410524 -0.690203 0.521785
1137995051764847 0.279014 -0.395300 -0.688252 0.540554
1137995196119691 0.274941 -0.403348 -0.688842 0.535924
1137995340474587 0.287416 -0.413706 -0.688961 0.521126
1137995484829430 0.275647 -0.397991 -0.702888 0.521123
1137995629184274 0.273551 -0.405038 -0.711827 0.504398
1137995773539170 0.283087 -0.421916 -0.704537 0.495456
1137995917894014 0.276015 -0.411439 -0.703518 0.509506
1137996062248857 0.270381 -0.396201 -0.703663 0.524192
1137996206603701 0.273979 -0.412256 -0.694235 0.522511
1137996350958545 0.289732 -0.428027 -0.683216 0.515814
1137996515935524 0.279249 -0.424444 -0.701974 0.499100
1137996660290368 0.271432 -0.409771 -0.715273 0.496788
1137996804645212 0.278074 -0.423217 -0.707515 0.492935
1137996949000003 0.291084 -0.431763 -0.687773 0.505785
1137997093354847 0.282835 -0.423549 -0.683487 0.522930
1137997237709639 0.285929 -0.424625 -0.681121 0.523462
1137997382064430 0.289994 -0.430642 -0.677112 0.521507
1137997526419222 0.282391 -0.424723 -0.685933 0.519000
1137997670774014 0.274851 -0.412651 -0.703736 0.508853
1137997815128805 0.279695 -0.414159 -0.705789 0.502100
1137997959483545 0.286280 -0.427213 -0.692815 0.505510
1137998103838284 0.292078 -0.419002 -0.689332 0.513760
1137998248193024 0.270721 -0.414889 -0.693921 0.522542
1137998392547764 0.278510 -0.412988 -0.696486 0.516508
1137998536902503 0.283406 -0.428652 -0.694238 0.503955
1137998681257191 0.275233 -0.419378 -0.709023 0.495636
1137998825611878 0.268933 -0.413528 -0.724654 0.481192
1137998969966566 0.265013 -0.429085 -0.722944 0.472235
1137999114321253 0.269146 -0.434009 -0.711055 0.483319
1137999258675941 0.265323 -0.415493 -0.712421 0.499426
1137999403030576 0.270739 -0.429418 -0.699881 0.502460
1137999547385212 0.279634 -0.440080 -0.696707 0.492681
1137999691739847 0.274471 -0.432245 -0.707918 0.486500
1137999836094430 0.254893 -0.413485 -0.731537 0.478449
1137999980449066 0.259809 -0.425162 -0.726221 0.473645
1138000124803649 0.280899 -0.437542 -0.706948 0.479456
1138000269158232 0.275521 -0.420485 -0.704409 0.501088
1138000413512764 0.267444 -0.411777 -0.708874 0.506370
1138000557867295 0.269532 -0.421426 -0.712303 0.492319
1138000702221826 0.268827 -0.427254 -0.715620 0.482778
1138000846576357 0.259517 -0.413725 -0.730718 0.477005
1138000990930889 0.264325 -0.418153 -0.730655 0.470557
1138001135285368 0.265713 -0.433135 -0.717892 0.475837
1138001279639795 0.258167 -0.424858 -0.714005 0.492993
1138001423994274 0.254179 -0.418456 -0.712353 0.502833
1138001568348701 0.262695 -0.419692 -0.705487 0.507089
1138001712703128 0.275547 -0.429978 -0.698406 0.501420
1138001857057555 0.266752 -0.424530 -0.709510 0.495190
1138002001411930 0.264659 -0.418074 -0.720406 0.485989
1138002145766305 0.270324 -0.425833 -0.717510 0.480386
1138002290120680 0.282850 -0.439330 -0.705561 0.478716
1138002434475003 0.272134 -0.433046 -0.712623 0.480190
1138002578829326 0.258691 -0.429239 -0.736489 0.454330
1138002723183649 0.245853 -0.442516 -0.761136 0.405472
1138002867537920 0.204398 -0.475828 -0.791528 0.324489
1138003011892191 0.138094 -0.471000 -0.842458 0.222158
1138003156246462 0.090908 -0.482147 -0.862635 0.123009
1138003300600680 0.044101 -0.499859 -0.863572 0.049399
1138003444954899 0.017600 -0.489995 -0.871364 0.017890
1138003589309118 0.022467 0.478202 0.877612 0.024822
1138003733663337 0.051044 0.482954 0.871669 0.065892
1138003878017503 0.072095 0.492730 0.862082 0.093996
1138004022371670 0.092540 0.481458 0.862178 0.127604
1138004166725837 0.100512 0.471468 0.861221 0.160976
1138004311079951 0.106623 0.486691 0.850519 0.168466
1138004455434066 0.113628 0.509235 0.838867 0.155150
1138004599788180 0.110657 0.500408 0.847557 0.137815
1138004744142243 0.109116 0.488201 0.855725 0.132246
1138004888496305 0.111702 0.489889 0.855481 0.125232
1138005032850368 0.104773 0.474785 0.861549 0.146066
1138005177204378 0.098735 0.473829 0.860907 0.156773
1138005321558441 0.098512 0.484418 0.852070 0.172077
1138005465912399 0.118027 0.489309 0.847403 0.168980
1138005610266409 0.109963 0.472917 0.859248 0.161094
1138005754620368 0.099393 0.456758 0.871750 0.146782
1138005898974326 0.100479 0.473802 0.864392 0.135066
1138006043328284 0.109157 0.488460 0.854564 0.138603
1138006187682191 0.104198 0.467919 0.862201 0.163724
1138006332036097 0.095976 0.469852 0.859142 0.178615
1138006517633962 0.102423 0.484004 0.851970 0.171453
1138006661987868 0.096018 0.474592 0.861988 0.150063
1138006806341722 0.087673 0.454532 0.876455 0.132444
1138006950695576 0.094647 0.474294 0.865608 0.129655
1138007095049430 0.102831 0.496537 0.851873 0.131102
1138007239403232 0.102980 0.480441 0.856278 0.159247
1138007383757034 0.104427 0.474755 0.856572 0.173173
1138007528110837 0.111942 0.488620 0.848192 0.171141
1138007672464587 0.105451 0.498714 0.846441 0.153960
1138007816818389 0.090667 0.474484 0.865279 0.133933
1138007961172139 0.088089 0.473119 0.867823 0.123625
1138008105525837 0.081278 0.485950 0.862354 0.116580
1138008249879587 0.083160 0.477545 0.863865 0.137016
1138008394233284 0.080392 0.463627 0.868780 0.154299
1138008538586982 0.095844 0.477003 0.857064 0.169478
1138008682940680 0.102372 0.490410 0.851448 0.155094
1138008827294378 0.094879 0.474026 0.864681 0.136469
1138008971648024 0.094521 0.459337 0.873337 0.131757
1138009116001670 0.090720 0.469715 0.870331 0.116877
1138009260355316 0.098980 0.482049 0.860120 0.134263
1138009404708962 0.099637 0.464282 0.865363 0.160191
1138009549062555 0.099291 0.469166 0.860513 0.171874
1138009693416201 0.103519 0.481138 0.853973 0.168880
1138009837769795 0.096315 0.478738 0.861340 0.140095
1138009982123389 0.084875 0.465946 0.873352 0.113786
1138010126476982 0.091495 0.478738 0.865781 0.113408
1138010270830524 0.097544 0.498615 0.852847 0.120496
1138010415184118 0.097776 0.478810 0.860550 0.143647
1138010559537659 0.094394 0.472310 0.861810 0.159044
1138010703891201 0.101947 0.484520 0.852757 0.166294
1138010848244743 0.100998 0.498785 0.847911 0.148529
1138010992598284 0.089603 0.485614 0.859707 0.130591
1138011136951774 0.087216 0.474257 0.867555 0.121750
1138011281305264 0.094229 0.483010 0.861338 0.126170
1138011425658805 0.103373 0.486972 0.854942 0.145763
1138011570012295 0.099989 0.472982 0.858034 0.173401
1138011714365784 0.106756 0.480106 0.848756 0.194205
1138011879341149 0.117532 0.487002 0.839132 0.211833
1138012023694639 0.117795 0.486343 0.837056 0.221208
1138012168048076 0.147881 0.461554 0.834609 0.261775
1138012312401566 0.177989 0.458265 0.810361 0.318791
1138012456755003 0.223188 0.446763 0.772663 0.391896
1138012601108389 0.267714 0.410794 0.731566 0.473698
1138012745461826 0.298942 0.366102 0.677005 0.564152
1138012889815264 0.337740 0.342722 0.620823 0.618912
1138013034168649 0.361332 0.338939 0.597409 0.630605
1138013178522034 0.362857 0.316324 0.593148 0.645329
1138013322875420 0.369606 0.300463 0.581969 0.659110
1138013467228805 0.383440 0.294059 0.562203 0.671141
1138013611582191 0.402461 0.284591 0.537921 0.683866
1138013755935524 0.391851 0.259432 0.520454 0.712935
1138013900288909 0.402846 0.259436 0.501782 0.720155
1138014044642243 0.426265 0.251132 0.498264 0.712014
1138014188995576 0.407173 0.247722 0.521016 0.708086
1138014333348909 0.407788 0.246061 0.520208 0.708905
1138014477702243 0.417713 0.257181 0.518343 0.700496
1138014622055576 0.437718 0.267226 0.517958 0.684626
1138014766408909 0.407884 0.256101 0.514352 0.709567
1138014910762191 0.396410 0.250032 0.508840 0.722097
1138015055115524 0.418937 0.248549 0.493899 0.720263
1138015199468805 0.434028 0.266089 0.497031 0.702692
1138015343822139 0.413903 0.264359 0.519078 0.699540
1138015488175420 0.398700 0.255135 0.526800 0.705994
1138015632528701 0.402585 0.252864 0.528703 0.703177
1138015776881982 0.415455 0.256022 0.508065 0.709732
1138015921235264 0.414123 0.249637 0.496203 0.721087
1138016065588493 0.422042 0.259343 0.481664 0.722926
1138016209941774 0.438379 0.261520 0.483111 0.711361
1138016354295055 0.429768 0.260025 0.500222 0.705311
1138016498648284 0.418483 0.261939 0.515076 0.700683
1138016643001514 0.424902 0.264129 0.508269 0.700969
1138016787354795 0.436449 0.269224 0.494438 0.701828
1138016931708024 0.430190 0.252024 0.489550 0.715376
1138017076061253 0.410816 0.252105 0.483501 0.730685
1138017220414482 0.423627 0.262001 0.474526 0.725756
1138017364767659 0.425692 0.269372 0.484174 0.715402
1138017509120889 0.415361 0.257304 0.496379 0.717549
1138017653474066 0.423025 0.259402 0.496058 0.712521
1138017797827295 0.423118 0.269668 0.493877 0.710166
1138017942180472 0.418994 0.255677 0.487739 0.721931
1138018086533649 0.410327 0.245293 0.483727 0.733125
1138018230886826 0.422259 0.248986 0.471344 0.733170
1138018375240003 0.442777 0.238805 0.469391 0.725667
1138018519593180 0.418546 0.235818 0.483047 0.732035
1138018663946357 0.402517 0.228814 0.502025 0.730476
1138018808299534 0.413655 0.246299 0.506997 0.714969
1138018952652659 0.438351 0.255091 0.490737 0.708487
1138019097005837 0.431869 0.250691 0.475115 0.724506
1138019241358962 0.420289 0.249932 0.470169 0.734732
1138019385712087 0.426754 0.257147 0.467979 0.729899
1138019530065212 0.418236 0.254324 0.486726 0.723531
1138019674418337 0.407166 0.247848 0.497154 0.725001
1138019818771462 0.409589 0.248044 0.503764 0.718981
1138019963124587 0.417973 0.264453 0.489345 0.718265
1138020107477712 0.412919 0.260094 0.479660 0.729229
1138020251830784 0.401035 0.240401 0.471306 0.747830
1138020396183909 0.414779 0.247646 0.453935 0.748714
1138020540536982 0.424710 0.259772 0.461093 0.734529
1138020684890055 0.409483 0.259013 0.482686 0.729555
1138020829243180 0.407056 0.241775 0.490851 0.731379
1138020973596253 0.417828 0.248458 0.490666 0.723143
1138021117949326 0.432123 0.254601 0.477091 0.721687
1138021262302399 0.422651 0.243027 0.463664 0.739810
1138021406655472 0.419968 0.249866 0.459278 0.741794
1138021551008493 0.424937 0.254832 0.455603 0.739537
1138021695361566 0.418057 0.248044 0.477473 0.731930
1138021839714639 0.411927 0.251550 0.483434 0.730295
1138021984067712 0.423167 0.252511 0.485658 0.722014
1138022128420732 0.427913 0.257757 0.486318 0.716901
1138022272773805 0.421222 0.243562 0.468211 0.737582
1138022417126826 0.415261 0.234721 0.445921 0.757376
1138022561479899 0.422995 0.235914 0.430891 0.761415
1138022705832920 0.440166 0.244259 0.441733 0.742606
1138022850185941 0.426263 0.244540 0.461828 0.738386
1138022994539014 0.411321 0.236005 0.471184 0.743709
1138023138892034 0.425959 0.236661 0.468475 0.736940
1138023283245055 0.436941 0.241190 0.448199 0.741638
1138023427598076 0.431662 0.230622 0.425972 0.760940
1138023571951097 0.429017 0.236378 0.416478 0.765909
1138023716304118 0.432933 0.230932 0.391222 0.778578
1138023860657139 0.426323 0.218056 0.362528 0.799546
1138024005010159 0.425162 0.184796 0.317076 0.827376
1138024149363180 0.451375 0.141808 0.230807 0.850223
1138024293716149 0.468615 0.097511 0.142689 0.866332
1138024438069170 0.450689 0.052187 0.059208 0.889185
1138024582422191 0.440676 -0.011557 -0.033459 0.896968
1138024726775212 0.447023 -0.056138 -0.128706 0.883433
1138024871128180 0.451050 -0.082658 -0.170193 0.872213
1138025036103024 0.442075 -0.087891 -0.180284 0.874267
1138025180456045 0.428212 -0.106057 -0.188171 0.877484
1138025324809014 0.435232 -0.121858 -0.201298 0.869024
1138025469162034 0.447332 -0.142022 -0.217519 0.855809
1138025613515055 0.429854 -0.148090 -0.241164 0.857400
1138025757868024 0.427037 -0.146810 -0.261180 0.853154
1138025902220993 0.442369 -0.154756 -0.262236 0.843559
1138026046574014 0.448840 -0.148725 -0.249137 0.845195
1138026190926982 0.428886 -0.141487 -0.227016 0.862845
1138026335279951 0.437188 -0.144252 -0.215362 0.861207
1138026479632920 0.449487 -0.145116 -0.209886 0.856067
1138026623985889 0.439504 -0.136838 -0.220470 0.859945
1138026768338857 0.427236 -0.141152 -0.244691 0.858878
1138026912691826 0.439186 -0.145407 -0.246168 0.851689
1138027057044795 0.450161 -0.145626 -0.235074 0.849051
1138027201397764 0.442172 -0.135593 -0.215230 0.860102
1138027345750732 0.434396 -0.134315 -0.200080 0.867887
1138027490103701 0.452888 -0.134345 -0.194322 0.859699
1138027634456618 0.464207 -0.143178 -0.202786 0.850229
1138027778809587 0.447333 -0.134893 -0.221279 0.855998
1138027923162503 0.449680 -0.126707 -0.223010 0.855570
1138028067515472 0.457481 -0.132871 -0.220900 0.851035
1138028211868389 0.443486 -0.132497 -0.203213 0.862826
1138028356221305 0.432440 -0.127269 -0.192392 0.871656
1138028500574274 0.445745 -0.126492 -0.191710 0.865193
1138028644927191 0.466898 -0.121949 -0.204511 0.851652
1138028789280107 0.454282 -0.130407 -0.219441 0.853503
1138028933633024 0.437611 -0.128571 -0.229240 0.859893
1138029077985941 0.447352 -0.134378 -0.236142 0.852089
1138029222338857 0.447705 -0.130429 -0.216656 0.857676
1138029366691722 0.442069 -0.117716 -0.201556 0.866079
1138029511044639 0.444925 -0.122157 -0.184343 0.867835
1138029655397503 0.458492 -0.117974 -0.176667 0.862935
1138029799750420 0.448141 -0.112968 -0.204080 0.862994
1138029944103284 0.434486 -0.106498 -0.217374 0.867542
1138030088456201 0.440189 -0.104345 -0.216450 0.865156
1138030232809066 0.462476 -0.108112 -0.194730 0.858200
1138030377161930 0.443103 -0.095626 -0.176815 0.873643
1138030521514795 0.431844 -0.099348 -0.165028 0.881139
1138030665867659 0.441437 -0.095851 -0.146965 0.879970
1138030810220524 0.448635 -0.099324 -0.159256 0.873784
1138030954573389 0.439997 -0.106703 -0.184644 0.872309
1138031098926253 0.437726 -0.100446 -0.196756 0.871547
1138031243279118 0.444132 -0.107785 -0.205205 0.865460
1138031387631930 0.439402 -0.107975 -0.191098 0.871062
1138031531984795 0.436261 -0.102369 -0.176751 0.876331
1138031676337607 0.447551 -0.105088 -0.161504 0.873253
1138031820690472 0.460593 -0.108676 -0.161662 0.865973
1138031965043284 0.446668 -0.105090 -0.183630 0.869324
1138032109396149 0.436386 -0.119083 -0.212492 0.866160
1138032253748962 0.448605 -0.124456 -0.227026 0.855408
1138032398101774 0.467996 -0.122834 -0.219246 0.847244
1138032542454587 0.459769 -0.122101 -0.199899 0.856589
1138032686807399 0.446322 -0.122755 -0.195515 0.864582
1138032831160212 0.452620 -0.132165 -0.220488 0.853846
1138032975512897 0.458719 -0.165644 -0.275917 0.828256
1138033119865710 0.426368 -0.182314 -0.360191 0.809466
1138033264218522 0.401525 -0.212317 -0.432929 0.778634
1138033408571335 0.398803 -0.238750 -0.482028 0.742700
1138033552924147 0.388980 -0.254208 -0.505153 0.727251
1138033697276907 0.359340 -0.275480 -0.545326 0.705411
1138033841629720 0.336278 -0.304833 -0.588107 0.669420
1138033985982480 0.327679 -0.324427 -0.623486 0.631379
1138034130335293 0.302629 -0.343589 -0.663288 0.591956
1138034274688053 0.283518 -0.367761 -0.695405 0.548436
1138034419040814 0.272685 -0.392382 -0.722258 0.500024
1138034563393574 0.261138 -0.415293 -0.718771 0.492652
1138034707746335 0.251622 -0.388168 -0.731104 0.501497
1138034852099095 0.254925 -0.378128 -0.723126 0.518769
1138034996451855 0.264142 -0.401012 -0.714967 0.508173
1138035140804616 0.263434 -0.442357 -0.707867 0.483578
1138035285157376 0.249945 -0.434391 -0.725586 0.471547
1138035450131907 0.236750 -0.434295 -0.741487 0.453360
1138035594484668 0.224907 -0.445260 -0.746657 0.440072
1138035738837376 0.216671 -0.431662 -0.747289 0.456379
1138035883190137 0.217352 -0.416514 -0.740407 0.480700
1138036027542845 0.216809 -0.421541 -0.729726 0.492744
1138036171895605 0.231517 -0.438382 -0.720373 0.485061
1138036316248314 0.222731 -0.425750 -0.741092 0.468947
1138036460601074 0.219250 -0.430627 -0.754446 0.444186
1138036604953782 0.218416 -0.433523 -0.756035 0.439048
1138036749306491 0.230515 -0.437091 -0.745932 0.446542
1138036893659251 0.227045 -0.416964 -0.744770 0.468945
1138037038011960 0.225089 -0.405457 -0.740929 0.485762
1138037182364668 0.223031 -0.403338 -0.736275 0.495454
1138037326717428 0.222223 -0.415134 -0.744582 0.473158
1138037471070137 0.204666 -0.406262 -0.765607 0.454872
1138037615422897 0.212725 -0.404812 -0.773239 0.439291
1138037759775605 0.206773 -0.419517 -0.763400 0.445500
1138037924750189 0.218670 -0.402376 -0.753974 0.470957
1138038069102897 0.207284 -0.377020 -0.752933 0.497977
1138038213455657 0.221957 -0.401080 -0.735586 0.498781
1138038357808366 0.212867 -0.399875 -0.748733 0.483929
1138038502161126 0.211202 -0.385721 -0.764054 0.472055
1138038646513835 0.212309 -0.391637 -0.772938 0.451788
1138038790866595 0.210689 -0.397884 -0.776184 0.441404
1138038935219355 0.210668 -0.390080 -0.766563 0.464583
1138039079572116 0.220343 -0.372463 -0.756271 0.490688
1138039223924928 0.226452 -0.382139 -0.745179 0.497391
1138039368277689 0.238435 -0.405280 -0.735503 0.487783
1138039512630449 0.231862 -0.400018 -0.745377 0.480248
1138039656983262 0.216537 -0.405252 -0.757411 0.463908
1138039801336074 0.220779 -0.422155 -0.752550 0.454654
1138039945688887 0.224233 -0.424651 -0.740394 0.470328
1138040090041751 0.229251 -0.398086 -0.746297 0.481677
1138040234394564 0.230329 -0.402126 -0.732591 0.498553
1138040378747376 0.235336 -0.417013 -0.723368 0.497449
1138040523100241 0.230104 -0.420338 -0.738474 0.474367
1138040667453105 0.224456 -0.412632 -0.754392 0.458527
1138040811805970 0.226218 -0.424366 -0.757073 0.442243
1138040956158835 0.226863 -0.450423 -0.742925 0.440130
1138041100511699 0.229855 -0.435587 -0.740822 0.456742
1138041244864564 0.230907 -0.413124 -0.734989 0.485594
1138041389217428 0.240409 -0.418236 -0.725748 0.490482
1138041533570345 0.245583 -0.438060 -0.723226 0.474063
1138041677923210 0.229395 -0.422611 -0.745580 0.461399
1138041822276126 0.230402 -0.422632 -0.757024 0.441827
1138041966629043 0.234489 -0.439223 -0.748589 0.437850
1138042110981907 0.229013 -0.430403 -0.744304 0.456418
1138042255334824 0.229090 -0.406078 -0.744350 0.478080
1138042399687741 0.236068 -0.406472 -0.739070 0.482522
1138042544040710 0.234945 -0.421458 -0.734885 0.476569
1138042688393626 0.220306 -0.413070 -0.749747 0.467673
1138042832746543 0.204787 -0.416025 -0.765068 0.446830
1138042977099460 0.190813 -0.439499 -0.765150 0.430089
1138043121452428 0.194602 -0.439263 -0.753094 0.449475
1138043265805345 0.199262 -0.415759 -0.756953 0.463100
1138043410158314 0.204544 -0.404959 -0.751001 0.479758
1138043554511282 0.220866 -0.409731 -0.738159 0.488324
1138043698864199 0.215730 -0.376201 -0.753222 0.494560
1138043843217168 0.207174 -0.384554 -0.765040 0.473193
1138043987570137 0.213999 -0.401956 -0.769566 0.447665
1138044131923105 0.213181 -0.421987 -0.757933 0.449465
1138044276276074 0.224628 -0.413316 -0.743220 0.475749
1138044420629043 0.224443 -0.396387 -0.746461 0.485077
1138044564982012 0.215354 -0.400096 -0.752453 0.476823
1138044709335032 0.211860 -0.420425 -0.770068 0.430527
1138044853688001 0.176509 -0.394958 -0.823257 0.367561
1138044998040970 0.138391 -0.406356 -0.857914 0.282324
1138045142393991 0.118693 -0.407410 -0.883415 0.198764
1138045286746960 0.101205 -0.407831 -0.891520 0.169183
1138045431099980 0.055773 -0.406706 -0.905323 0.108958
1138045575452949 0.014562 -0.411569 -0.910169 0.044630
1138045719805970 0.005441 0.415688 0.909469 0.006374
1138045864158939 0.037861 0.420940 0.904379 0.058898
1138046008511960 0.078239 0.413364 0.897212 0.134233
1138046152864980 0.085015 0.414312 0.886761 0.186474
1138046297217949 0.105443 0.435391 0.870989 0.201728
1138046441570970 0.104431 0.442334 0.872027 0.181671
1138046585923991 0.097734 0.433963 0.881498 0.158382
1138046730277012 0.105157 0.437603 0.879527 0.154525
1138046874630032 0.116060 0.450911 0.872581 0.147690
1138047018983053 0.121651 0.437330 0.873821 0.174298
1138047163336074 0.136793 0.432964 0.865894 0.209899
1138047307689095 0.157205 0.447165 0.855549 0.208244
1138047452042116 0.171678 0.465781 0.847999 0.185669
1138047596395137 0.154770 0.453836 0.858032 0.184014
1138047740748157 0.132508 0.431242 0.872330 0.188447
1138047905723053 0.132302 0.441070 0.870435 0.174056
1138048050076074 0.139505 0.448971 0.860275 0.197207
1138048194429147 0.145442 0.446465 0.855466 0.218390
1138048338782168 0.132863 0.436532 0.857463 0.237789
1138048483135241 0.147554 0.435933 0.855069 0.238846
1138048627488262 0.152779 0.440479 0.854939 0.227410
1138048771841335 0.143810 0.434162 0.863942 0.210775
1138048916194407 0.141952 0.440091 0.864049 0.198967
1138049060547428 0.141477 0.446106 0.862017 0.194679
1138049204900501 0.135580 0.438147 0.861647 0.217275
1138049349253574 0.141000 0.426098 0.862382 0.234213
1138049493606647 0.134589 0.440549 0.854386 0.240473
1138049637959720 0.145306 0.464243 0.844486 0.224072
1138049782312793 0.128077 0.448323 0.859073 0.211178
1138049926665918 0.113188 0.432722 0.874056 0.189649
1138050071018991 0.099591 0.443437 0.872140 0.181156
1138050215372064 0.112366 0.435815 0.870976 0.197080
1138050359725189 0.127592 0.437613 0.862855 0.218394
1138050504078262 0.122065 0.437769 0.856323 0.245295
1138050648431387 0.133773 0.433405 0.858251 0.240147
1138050792784512 0.121875 0.424079 0.869691 0.221226
1138050937137585 0.110437 0.422102 0.876703 0.202546
1138051081490710 0.116151 0.432397 0.872995 0.193449
1138051225843835 0.126583 0.448109 0.862315 0.198965
1138051370196960 0.127604 0.431118 0.865622 0.220350
1138051514550085 0.131470 0.425313 0.860191 0.248788
1138051658903210 0.137799 0.434865 0.851926 0.257149
1138051803256335 0.131049 0.430366 0.862604 0.231358
1138051947609460 0.111076 0.430262 0.871805 0.206140
1138052091962585 0.112628 0.424945 0.874788 0.203674
1138052236315710 0.115431 0.432711 0.869733 0.207365
1138052380668835 0.113017 0.437189 0.863561 0.224402
1138052525022012 0.123312 0.426894 0.860587 0.248889
1138052669375137 0.125691 0.435418 0.851587 0.263463
1138052813728262 0.133362 0.447272 0.846261 0.256913
1138052958081439 0.120851 0.443767 0.856019 0.236001
1138053102434564 0.120823 0.434351 0.864180 0.223460
1138053246787689 0.127483 0.436891 0.862495 0.221308
1138053391140866 0.131434 0.446123 0.855333 0.228265
1138053535493991 0.139497 0.435963 0.854615 0.245174
1138053679847168 0.136381 0.437960 0.848317 0.264480
1138053824200293 0.134300 0.444131 0.847749 0.256968
1138053968553470 0.118515 0.462207 0.855209 0.202328
1138054112906647 0.104590 0.448528 0.877758 0.131998
1138054257259772 0.073838 0.440642 0.892694 0.058973
1138054401612949 -0.050503 -0.453604 -0.889746 0.006629
1138054545966126 -0.033728 -0.465545 -0.883386 0.041939
1138054690319303 -0.009494 -0.458602 -0.885302 0.076394
1138054834672532 0.047044 -0.446198 -0.881133 0.149330
1138054979025710 0.084646 -0.449545 -0.864440 0.208536
1138055144000814 0.128009 -0.454212 -0.834289 0.285073
1138055308975866 0.159311 -0.420157 -0.812662 0.371038
1138055453329095 0.183809 -0.417953 -0.792970 0.403395
1138055597682324 0.208211 -0.425605 -0.769243 0.428688
1138055742035553 0.207537 -0.418130 -0.774074 0.427675
1138055886388782 0.208244 -0.395313 -0.786073 0.427144
1138056030742012 0.218903 -0.397833 -0.785417 0.420631
1138056175095241 0.231458 -0.413239 -0.766543 0.433673
1138056319448470 0.234133 -0.400731 -0.755996 0.461590
1138056463801699 0.225433 -0.377042 -0.757194 0.483401
1138056608154980 0.235859 -0.384539 -0.746936 0.488453
1138056752508210 0.235927 -0.395980 -0.749561 0.475076
1138056896861491 0.231159 -0.393125 -0.764997 0.454750
1138057041214772 0.233915 -0.386774 -0.774311 0.442867
1138057185568001 0.231200 -0.392550 -0.767801 0.450482
1138057329921282 0.229204 -0.380763 -0.760312 0.473720
1138057474274564 0.228988 -0.374649 -0.754158 0.488312
1138057618627845 0.235894 -0.381833 -0.748308 0.488459
1138057762981126 0.239786 -0.398219 -0.744423 0.479331
1138057907334407 0.228239 -0.392014 -0.760936 0.463906
1138058051687689 0.215972 -0.379571 -0.775241 0.456381
1138058196041022 0.225599 -0.386782 -0.777749 0.441148
1138058340394303 0.243513 -0.402070 -0.761573 0.446148
1138058484747585 0.239446 -0.391422 -0.759439 0.461202
1138058629100918 0.221543 -0.380020 -0.763878 0.472222
1138058773454199 0.227091 -0.387259 -0.759963 0.470018
1138058917807532 0.226564 -0.386767 -0.768192 0.457122
1138059062160866 0.226037 -0.391808 -0.770529 0.449086
1138059206514147 0.233946 -0.404564 -0.769240 0.435738
1138059350867480 0.237841 -0.418216 -0.766034 0.426285
1138059495220814 0.226826 -0.408704 -0.768814 0.436390
1138059639574147 0.222458 -0.401433 -0.769414 0.444259
1138059783927428 0.230347 -0.405461 -0.760099 0.452538
1138059928280762 0.244285 -0.414207 -0.752612 0.449814
1138060072634095 0.242436 -0.394289 -0.763918 0.449655
1138060216987428 0.227404 -0.395931 -0.776378 0.434469
1138060361340762 0.229226 -0.405030 -0.777860 0.422304
1138060505694095 0.238225 -0.418337 -0.766725 0.424707
1138060650047428 0.238899 -0.407792 -0.768116 0.432007
1138060794400762 0.232618 -0.392514 -0.762654 0.458454
1138060938754095 0.231623 -0.394289 -0.761431 0.459467
1138061083107428 0.239672 -0.408350 -0.758709 0.447401
1138061227460762 0.230957 -0.404495 -0.766828 0.441608
1138061371814095 0.219767 -0.389626 -0.785041 0.428492
1138061516167428 0.224901 -0.394219 -0.788444 0.415170
1138061660520762 0.228909 -0.405550 -0.774141 0.428762
1138061804874095 0.233729 -0.398683 -0.764228 0.449864
1138061949227428 0.224912 -0.397068 -0.758750 0.464812
1138062093580762 0.226089 -0.399348 -0.754006 0.469979
1138062237934095 0.234620 -0.396540 -0.758885 0.460221
1138062382287428 0.230025 -0.400816 -0.765659 0.447438
1138062526640762 0.224274 -0.399549 -0.777709 0.430383
1138062670994095 0.223556 -0.401755 -0.776639 0.430637
1138062815347428 0.229756 -0.408096 -0.760938 0.449046
1138062959700762 0.232501 -0.403976 -0.751516 0.466873
1138063104054095 0.232311 -0.403549 -0.743108 0.480593
1138063248407480 0.230437 -0.402387 -0.744133 0.480885
1138063392760814 0.233690 -0.397334 -0.753719 0.468425
1138063537114147 0.237059 -0.408225 -0.754826 0.455405
1138063681467480 0.231433 -0.397224 -0.767577 0.446629
1138063825820814 0.223995 -0.391885 -0.768367 0.453723
1138063970174199 0.214921 -0.401114 -0.757116 0.468714
1138064114527532 0.213955 -0.394722 -0.756452 0.475603
1138064258880866 0.217260 -0.390323 -0.755630 0.479030
1138064403234199 0.220992 -0.404761 -0.754111 0.467598
1138064547587585 0.218069 -0.416888 -0.760604 0.447362
1138064691940918 0.230707 -0.406156 -0.770699 0.433399
1138064836294303 0.227576 -0.405291 -0.775933 0.426469
1138064980647637 0.232073 -0.404475 -0.771660 0.432531
1138065125001022 0.239876 -0.402284 -0.764743 0.442487
1138065269354355 0.240203 -0.401588 -0.756866 0.456272
1138065413707741 0.238384 -0.402277 -0.747335 0.472056
1138065558061126 0.231127 -0.401432 -0.751795 0.469295
