# Created at Thu Nov 21 18:15:32 GMT+09:00 2024
2161205063336741 -0.622511 8.188420 5.310502
2161205288670037 0.069434 8.470944 5.300924
2161205532670066 0.608146 9.172467 4.714327
2161205791670096 -0.440547 8.875577 4.434197
2161206051670158 -0.646454 8.662486 3.512401
2161206311670120 0.543500 9.931452 5.988081
2161206571670016 -0.047885 7.498868 4.992063
2161206831670112 -0.909824 9.589070 5.008823
2161207091670108 -0.545895 7.769422 3.907456
2161207351670071 -0.579414 8.825297 4.209135
2161207611670033 0.612934 7.613794 5.906676
2161207871670063 0.318439 7.822096 3.253819
2161208131670093 -0.162811 8.722343 7.599428
2161208391670156 -0.845179 7.386338 2.571451
2161208651670118 0.967287 9.538791 9.045570
2161208911670080 0.577020 7.144516 2.856370
2161209171670110 -0.967287 9.519637 5.552323
2161209440713237 -0.011971 7.269018 2.363149
2161209701146467 0.986441 10.901134 6.773404
2161209961413195 -0.158022 6.677632 2.873130
2161210221413224 0.136474 11.243514 3.909851
2161210481413220 0.083800 7.553937 3.838022
2161210741413216 1.249811 11.032818 5.729500
2161211001413145 0.105348 7.197190 2.904255
2161211261413141 -0.603357 11.502096 4.058296
2161211521413170 0.107742 7.302538 3.035940
2161211781413200 1.790918 10.814939 6.265817
2161212041413262 -0.124502 7.278595 3.136500
2161212301413191 -0.481249 9.929058 6.311308
2161212561413187 -0.177176 7.575486 2.624125
2161212821413217 0.433364 9.031204 7.958570
2161213081413146 -0.177176 7.692805 2.921015
2161213341413108 -0.380690 8.540379 7.946598
2161213601413137 0.320833 8.274613 3.328042
2161213861413100 0.517163 9.292180 7.235498
2161214121413130 -0.014366 8.011244 3.170020
2161214381413126 -0.581809 10.163696 4.230684
2161214641413089 -0.031126 7.498868 2.504411
2161214901413151 0.641666 11.205206 5.257827
2161215161413113 0.177176 7.228316 2.523566
2161215421413109 -0.447729 11.286612 3.550709
2161215681413138 0.038308 7.395915 3.210722
2161215941413033 0.529135 11.231544 3.718309
2161216201413063 0.258582 6.462148 3.385504
2161216461413092 -0.028731 11.806170 4.070267
2161216721413055 0.172388 6.490879 3.962525
2161216981413085 0.213090 12.107848 3.287339
2161217241413047 -0.021548 6.189200 3.610566
2161217501413043 -0.500403 11.169292 5.197970
2161217761413106 0.131685 6.909877 4.714327
2161218021413101 -0.526740 11.449422 4.213923
2161218281413031 -0.114925 6.763826 3.828445
2161218541412960 -0.026337 10.551569 5.059103
2161218801413057 0.514769 6.792558 5.150085
2161219061413087 0.311256 10.695226 5.150085
2161219321413083 -0.368718 6.227509 4.575459
2161219581413045 -0.040703 10.508472 6.744672
2161219841413008 -0.124502 6.390319 4.996851
2161220101412970 0.213090 10.767054 5.276982
2161220361413066 0.014366 6.028784 4.788549
2161220621413029 0.258582 10.994510 7.087053
2161220881412957 0.442941 6.464542 5.808511
2161221141412953 0.459701 10.757477 5.219519
2161221401412916 0.131685 6.021601 5.106988
2161221661412978 0.107742 10.692831 6.526793
2161221921413007 0.378295 6.347222 4.568276
2161222181412937 0.067040 11.116618 4.422225
2161222441412966 -0.035914 6.076670 4.628133
2161222701412962 -0.213090 10.249890 6.349617
2161222961412991 0.316044 6.258635 4.429409
2161223221413020 0.146051 10.477346 4.822070
2161223481412983 0.263370 6.308914 5.475707
2161223741412945 -0.672791 10.333690 6.325674
2161224001413007 0.519558 6.009630 5.300924
2161224261413004 0.600963 11.102252 7.877164
2161224521412999 -0.265765 5.921041 5.102200
2161224781412928 0.119714 10.503684 6.847626
2161225041412958 -0.045491 6.179623 5.674431
2161225301413021 -0.318439 10.419884 6.213143
2161225561412949 0.519558 6.675238 5.774991
2161225821412878 -0.019154 9.986520 7.544360
2161226081412907 0.014366 6.689604 4.637710
2161226341412903 0.363930 10.343267 6.907483
2161226601412900 0.313650 6.651295 4.896292
2161226861412896 -0.598569 9.921875 6.447782
2161227121412926 -0.052674 7.240287 4.458140
2161227381412922 0.579414 10.520444 7.278595
2161227641412851 0.055068 6.445388 4.977697
2161227901412848 -0.090982 9.931452 6.071881
2161228161412844 -0.361535 6.668056 4.295329
2161228421412840 0.672791 10.288198 6.203566
2161228681412870 0.876305 7.489292 4.300117
2161228941412900 -0.102954 9.191621 6.955369
2161229201412929 -0.617723 7.709565 2.490046
2161229461412892 0.052674 9.330489 5.537958
2161229721412821 1.381497 8.207574 4.130124
2161229981412850 -0.215485 9.167678 6.371165
2161230240505705 0.023943 7.963358 2.700742
2161230500505667 0.581809 9.581888 5.042343
2161230760505696 0.833208 7.609005 6.134132
2161231020505725 -0.679974 8.253065 3.972102
2161231280505654 -0.239427 7.618582 6.447782
2161231540505684 -0.210696 9.009656 4.860378
2161231800505714 1.024750 7.946598 5.875550
2161232060505709 -0.011971 8.473338 4.470111
2161232320505672 -0.071828 7.786181 6.557919
2161232580505668 0.339987 8.880365 5.181211
2161232840505664 0.543500 7.850827 4.597008
2161233100505627 0.019154 8.411087 3.976891
2161233360505589 -0.222668 8.140534 4.585036
2161233620505584 0.265765 8.763046 6.256240
2161233880505614 0.529135 7.771816 5.631334
2161234140505677 -0.153234 8.808537 5.514015
2161234400505605 -1.405439 7.470138 3.028758
2161234660505569 -0.435758 8.897125 5.830059
2161234920505598 1.094184 7.525206 4.582642
2161235180505560 -0.979258 8.973742 5.573872
2161235440505623 -0.646454 7.939415 2.830033
2161235700505619 0.110137 8.837268 4.968120
2161235960505514 1.343188 7.726325 4.036747
2161236220505544 -0.524346 9.143736 6.912271
2161236480538873 -1.869929 7.084659 2.073442
2161236740972169 -0.107742 9.902720 5.992870
2161237001405531 1.585010 7.269018 4.477294
2161237261505528 -0.165205 9.146130 5.320079
2161237521505524 -0.679974 7.879559 3.213117
2161237781505587 0.529135 8.693612 7.360001
2161238041505516 1.403045 7.723930 5.279376
2161238301505512 -0.172388 7.570697 4.616162
2161238561505575 -1.611347 7.776605 4.462928
2161238821505603 -0.119714 8.681641 5.578660
2161239081505566 1.149252 8.056735 4.544333
2161239341505495 -0.146051 8.497281 5.650488
2161239601505557 -0.962498 7.539571 4.204347
2161239861505653 -0.059857 9.047964 5.899493
2161240121505648 0.842785 7.453377 5.978504
2161240381505610 0.050280 8.351231 5.684009
2161240641505540 -0.402238 7.726325 4.185193
2161240901505502 -0.028731 9.024022 5.875550
2161241161505531 0.708705 7.774210 4.747847
2161241421505527 -0.287313 8.739103 6.644113
2161241681505522 -1.204320 7.896318 3.907456
2161241941505452 -0.598569 9.021627 6.299337
2161242201505482 0.909824 7.767027 3.545921
2161242461505478 -0.742225 9.091062 7.242682
2161242721505474 -0.598569 8.095043 3.555498
2161242981505471 0.117319 9.835681 5.341627
2161243241505500 1.060664 7.927444 2.956929
2161243501505496 -0.294496 9.225141 6.814106
2161243761505459 -1.154040 7.750268 1.963305
2161244021505455 -0.148445 9.505271 6.316097
2161244281505418 1.728666 8.128563 4.441380
2161244541505414 0.246610 8.698400 6.086246
2161244801505410 -1.137281 8.051947 3.797320
2161245061505440 0.055068 9.055147 5.351204
2161245321505469 1.082212 8.068707 5.719923
2161245581505431 0.021548 9.735122 5.516409
2161245841505427 -1.453325 7.532389 2.212310
2161246101505457 -0.138868 9.342461 5.023189
2161246361505386 0.809265 8.245882 4.671230
2161246621505382 -0.198725 9.237112 4.944178
2161246881505444 -0.878699 7.556331 4.352792
2161247141505407 0.102954 9.122187 5.310502
2161247401505403 0.936161 8.195602 5.451764
2161247661505399 -0.433364 8.676852 5.255433
2161247921505362 -0.325621 7.790970 4.786155
2161248181505457 0.095771 8.911490 4.582642
2161248441505386 0.375901 8.073495 3.572258
2161248701505316 -0.407027 8.621783 4.659259
2161248961505345 -0.093377 8.506859 5.956956
2161249221505274 0.395055 9.318518 4.508420
2161249481505304 0.289707 8.004061 4.901081
2161249741505300 -0.007183 8.786988 4.604190
2161250001505296 0.493221 7.915473 6.332857
2161250261505326 0.153234 8.772623 4.225895
2161250521505322 1.132492 7.891530 4.965726
2161250781556281 -0.105348 8.375174 4.438985
2161251041556311 1.300091 8.549955 7.036774
2161251301556306 0.660820 7.817307 2.853976
2161251561556269 1.321640 9.404712 6.215538
2161251821556199 0.263370 7.886741 3.809291
2161252081556228 -0.871516 9.986520 7.903501
2161252341556258 -0.208302 6.909877 3.804503
2161252601556321 1.321640 10.391152 8.001666
2161252861556316 -0.227456 5.753442 5.389513
2161253121556312 0.258582 10.281016 6.481302
2161253381556241 0.411815 6.543553 5.039948
2161253641556237 0.110137 10.893950 6.929031
2161253901556234 1.082212 6.529187 4.000833
2161254161556196 -0.349564 10.338479 7.637737
2161254421556225 0.155628 7.886741 4.472506
2161254681556222 0.158022 10.350450 5.949773
2161254941556252 1.252206 7.149304 5.288953
2161255201556248 -1.077424 9.064724 7.237893
2161255461556211 -0.440547 7.290567 4.170827
2161255721589640 0.234639 10.084685 4.494054
2161255982022969 0.411815 7.711959 3.088614
2161256242456197 -1.544307 8.837268 5.181211
2161256502556193 -0.737437 7.970541 2.245830
2161256762556156 0.411815 9.565128 5.138114
2161257022556186 1.786129 7.853221 3.938582
2161257282556182 -1.077424 8.940222 6.469330
2161257542556178 -0.823631 7.927444 2.391881
2161257802556207 -0.045491 8.842057 5.138114
2161258062556136 1.972882 8.605023 2.904255
2161258322556232 -1.192349 8.633755 5.858790
2161258582556262 -0.296890 8.418270 2.219493
2161258842556124 0.493221 8.954588 4.778973
2161259102556120 1.218686 8.224334 3.988862
2161259362556183 -0.756591 8.930645 6.474119
2161259622556179 -0.526740 8.293768 3.411842
2161259882556141 0.033520 8.348836 4.508420
2161260142556137 1.388679 8.367990 6.340040
2161260402556100 -0.270553 8.001666 3.715914
2161260662556096 0.663214 8.590658 9.162889
2161260922556092 0.936161 8.075889 3.126923
2161261182556122 1.623318 10.781420 4.762213
2161261442556085 0.062251 7.386338 3.974496
2161261702556047 -1.436565 10.381576 3.694366
2161261962556111 -0.225062 6.818895 3.323253
2161262222556107 0.663214 9.948212 6.337646
2161262482556102 0.833208 5.736682 5.403878
2161262742556099 -0.438152 10.087080 6.909877
2161263002556061 -0.002394 6.596227 5.901887
2161263262556090 0.706311 10.518049 6.445388
2161263522556120 1.211503 6.634535 5.423032
2161263782556049 -0.349564 9.466963 5.672037
2161264042556045 -0.979258 6.912271 2.707925
2161264302556143 0.014366 10.743111 5.700768
2161264562556139 0.651243 6.780586 3.744646
2161264822556068 -1.094184 10.419884 4.597008
2161265082556098 -0.833208 6.914666 0.962498
2161265342556093 0.126897 10.302565 5.327261
2161265602556089 1.288120 7.575486 3.668029
2161265862556152 -1.130098 9.555551 5.873156
2161266122556181 -0.883487 7.824490 2.959324
2161266382556077 0.627300 9.258660 5.281770
2161266642556040 1.709512 7.917867 4.506025
2161266902556069 -0.917007 8.887548 6.289760
2161267162556032 -0.747014 7.659285 3.249031
2161267422556027 -0.019154 9.174861 5.964139
2161267682555989 1.565856 7.094236 5.602603
2161267942555986 -0.837996 8.518829 5.636123
2161268202556048 -0.402238 7.850827 7.091842
2161268462556044 -0.090982 8.490098 3.782954
2161268722556040 1.007990 7.733508 7.391126
2161268982556069 -0.919402 7.829278 3.057489
2161269242556031 0.651243 9.141341 7.233104
2161269502556027 -0.169994 7.771816 2.760599
2161269762556023 0.957710 9.028811 8.274613
2161270022555985 -0.380690 8.044764 3.189174
2161270282556048 -0.435758 9.189227 8.954588
2161270542556011 -0.569837 7.680834 3.718309
2161270802556007 1.077424 8.688824 9.869201
2161271062556071 -0.244216 6.900300 2.607365
2161271322556099 -0.596174 9.948212 7.699988
2161271582702720 -0.081405 7.381549 3.062278
2161271842702717 1.417411 10.970567 7.738296
2161272102702679 -0.423787 6.529187 3.129317
2161272362702607 -0.023943 11.406325 3.931399
2161272622702603 0.069434 6.373559 2.995238
2161272882702566 1.778946 12.653743 5.035160
2161273142702562 0.296890 6.105401 4.295329
2161273402702558 -0.407027 11.111830 4.539545
2161273662702588 0.172388 5.813299 4.261809
2161273922702551 1.467690 11.803775 4.599402
2161274182702513 0.555472 5.255433 4.465322
2161274442702543 -1.115732 10.621003 5.736682
2161274702702606 0.021548 5.928225 5.837242
2161274962702601 0.646454 11.547587 5.118959
2161275222702531 -0.246610 5.262616 3.984073
2161275482702494 -0.706311 9.950606 7.640131
2161275742702556 -0.292102 5.233885 5.791751
2161276002702586 0.732648 10.838882 6.524399
2161276262702515 0.126897 4.632922 5.358387
2161276522702511 -0.672791 9.785401 7.625765
2161276782702507 -0.294496 5.688797 5.399090
2161277042702537 0.344776 10.482135 6.687210
2161277302702533 1.182772 5.751048 5.590631
2161277562702529 -0.818842 10.089474 6.268211
2161277822702525 -0.330410 5.743865 4.539545
2161278082702487 0.725465 11.135772 7.872375
2161278342702550 0.519558 6.261029 5.214731
2161278602702579 -0.318439 9.706390 4.824464
2161278862702441 -0.378295 7.201979 4.051113
2161279122702437 0.304073 10.336084 6.399897
2161279382702534 0.804476 7.288173 4.446168
2161279642702497 -0.519558 9.929058 5.655277
2161279902702492 -1.079818 6.885934 2.820456
2161280162702488 0.232245 10.170879 6.227509
2161280422702451 1.498816 7.336058 1.616135
2161280682702480 -0.418998 9.687236 6.287365
2161280942702510 -1.146858 7.709565 2.593000
2161281202702506 0.040703 9.141341 5.746260
2161281462702502 2.078231 8.142929 4.247444
2161281722702464 0.102954 8.751075 6.241874
2161281982702461 -0.895459 7.599428 5.293742
2161282242702456 -0.038308 9.131764 3.268185
2161282502702418 1.391074 7.944204 6.261029
2161282762702415 -0.902642 8.614601 4.235472
2161283022702377 0.428575 7.934627 9.514848
2161283282702406 -0.577020 8.075889 3.081432
2161283542702470 0.727860 8.236305 8.609812
2161283802702399 0.325621 7.762239 2.643279
2161284062702362 0.265765 9.809344 6.835655
2161284322702392 0.378295 7.491686 2.401458
2161284582702454 1.917814 11.535616 5.779779
2161284842702417 0.330410 6.457359 2.995238
2161285102702413 1.010384 11.827718 4.144490
2161285362702409 1.060664 6.442994 3.747040
2161285622702438 1.551490 10.910710 7.580274
2161285882702401 0.725465 5.909070 5.887522
2161286142702430 -0.114925 9.909904 6.823683
2161286402702326 0.165205 6.624959 5.887522
2161286662702288 0.014366 10.381576 5.604997
2161286922702351 1.666415 8.044764 3.340013
2161287182702348 -0.373507 8.983319 5.789357
2161287442702343 -1.024750 7.506052 3.519584
2161287702702339 -0.028731 9.126976 5.145297
2161287962702269 1.233052 7.261836 5.822876
2161288222702298 -0.059857 8.013638 4.623344
2161288482702362 0.656031 7.937021 9.024022
2161288742702325 -0.126897 8.159689 3.419024
2161289002702321 1.108549 8.638543 9.806950
2161289262702318 -0.251399 7.419858 3.589018
2161289522702348 0.797293 9.603436 8.868394
2161289782702310 -0.428575 7.417463 2.674405
2161290042702306 1.802889 10.525232 7.865193
2161290302702302 -0.517163 7.027196 2.909044
2161290562702231 0.299284 11.164503 5.308107
2161290822702327 0.074223 6.641718 2.645674
2161291082702390 1.608953 12.421497 6.941003
2161291342702252 -0.193936 5.904282 2.609760
2161291602702215 -0.210696 11.787015 3.227483
2161291862702379 0.873910 5.954561 3.895485
2161292122816249 2.162030 13.154146 4.649682
2161292382816144 -0.703917 5.202759 4.379128
2161292642816140 0.268159 11.585896 5.889916
2161292902816070 0.459701 5.715134 3.452544
2161293162816066 1.369525 11.923489 5.286559
2161293422816062 0.301679 5.674431 5.183605
2161293682816092 -0.181965 10.860431 5.583449
2161293942816055 0.201119 5.339233 5.669643
2161294202816017 1.611347 11.322526 6.433416
2161294462816081 0.857150 6.081458 5.001640
2161294722816077 -0.191542 9.617802 5.636123
2161294982816072 0.593780 7.656891 5.310502
2161295242816069 0.826025 9.646533 4.783761
2161295502815998 2.188367 8.059129 1.939363
2161295762816027 -0.239427 9.134158 7.022408
2161296022816125 -0.083800 8.382356 4.302512
2161296282816054 0.134079 8.918674 4.544333
2161296542816017 1.383891 7.738296 4.668836
2161296802816080 -0.222668 8.880365 4.922629
2161297062816109 -0.311256 7.477320 5.758231
2161297322816071 0.062251 8.549955 4.541939
2161297582816068 1.067847 7.443800 4.963332
2161297842816030 -0.548289 8.284191 3.696760
2161298102815993 -0.026337 7.565908 4.458140
2161298362816023 0.292102 8.554744 5.061497
2161298622816052 0.919402 7.927444 4.553911
2161298882815982 -0.129291 8.229122 4.276175
2161299142815978 -0.002394 8.305739 6.557919
2161299402816007 -0.222668 8.478127 3.488458
2161299662816037 0.043097 7.412675 5.961744
2161299922816066 -0.287313 7.486897 3.711126
2161300182815962 0.471672 8.528407 8.628966
2161300442815926 -0.265765 8.250671 3.165231
2161300702815955 0.943344 8.832479 7.501263
2161300962815984 -0.033520 7.652102 3.280156
2161301222815981 1.043904 9.347249 10.996904
2161301482815977 0.227456 7.604217 2.300898
2161301742816006 0.517163 9.797373 8.073495
2161302002816070 0.421392 6.589044 3.296916
2161302262816031 -0.169994 10.757477 6.251451
2161302522815993 0.272947 6.601016 2.952141
2161302782815990 0.936161 12.464595 4.496448
2161303042815919 0.337593 6.182017 4.072661
2161303302815948 0.383084 11.585896 4.345609
2161303562816045 0.201119 5.748654 4.173221
2161303822815974 0.859545 11.312948 6.268211
2161304082815937 0.208302 5.691191 5.185999
2161304342816000 0.837996 10.211582 6.586650
2161304602815962 0.469278 7.553937 4.558699
2161304862815958 1.616135 9.931452 4.333637
2161305122815954 2.679193 8.095043 1.699935
2161305382815983 0.509981 8.722343 5.858790
2161305642816045 0.114925 8.667274 2.523566
2161305902816008 -0.301679 8.102226 4.453351
2161306162816038 0.845179 8.183631 9.689631
2161306422815967 0.201119 7.563514 3.033546
2161306682815963 -0.498009 9.890749 6.960157
2161306942815959 -0.098165 7.027196 2.363149
2161307202816021 1.254600 11.909122 5.511621
2161307462815982 -0.304073 6.404685 2.542720
2161307722815879 -0.160416 11.310555 4.374340
2161307982815842 0.715888 6.081458 3.311282
2161308242815871 -0.186753 12.021654 3.507613
2161308502815901 -0.079011 5.432610 4.831646
2161308762815864 0.158022 11.437450 6.363983
2161309022815860 0.210696 5.863579 4.939389
2161309282815856 0.603357 11.224360 5.849213
2161309542815886 0.620117 5.877944 5.820482
2161309802815882 0.371113 10.527626 6.387925
2161310062815878 -0.165205 5.990476 5.044737
2161310322815874 0.459701 11.257880 6.866780
2161310582815803 0.687157 5.164451 4.680807
2161310842815833 0.021548 10.616215 7.154093
2161311102815896 0.014366 6.265817 4.862772
2161311362815792 0.141262 11.238726 6.830866
2161311622815788 0.486038 6.395108 5.202759
2161311882815851 0.126897 10.113417 6.328068
2161312142815847 -0.153234 6.976917 4.544333
2161312402815876 -0.081405 11.229149 7.314509
2161312662815872 0.909824 6.639324 4.745453
2161312922913858 0.375901 10.621003 6.641718
2161313182913920 -0.011971 7.580274 2.863553
2161313442913950 0.754197 10.371999 5.729500
2161313702913947 1.479662 7.982512 3.737463
2161313962913942 0.493221 8.832479 5.590631
2161314222913939 0.689551 8.961771 3.670423
2161314482913936 0.708705 8.626573 4.438985
2161314742913965 1.268966 7.762239 5.861185
2161315002913860 -0.545895 7.862799 4.115758
2161315262913890 0.253793 9.222747 7.491686
2161315522913885 0.215485 7.647314 3.833234
2161315782913881 0.531529 11.145350 5.372753
2161316042913912 0.466884 6.792558 4.110970
2161316302913874 0.399844 10.960990 6.347222
2161316562913804 0.114925 6.866780 4.034353
2161316822913834 0.306467 11.044789 4.735876
2161317082913863 0.074223 6.301731 3.117346
2161317342913826 -0.100560 10.429461 4.623344
2161317602913822 -0.325621 7.314509 4.460534
2161317862913818 0.169994 10.374393 4.601796
2161318122913781 0.043097 6.708758 4.438985
2161318382913777 -0.172388 9.964972 4.201952
2161318642913840 -0.110137 8.032792 5.688797
2161318902913770 -0.244216 9.754275 4.929812
2161319162913766 0.284919 8.255460 4.539545
2161319422913830 0.378295 9.265843 4.060690
2161319702913893 -0.229850 7.671257 3.849994
2161319962913855 0.059857 9.797373 6.062304
2161320222913785 0.263370 7.860404 3.335225
2161320482913748 0.052674 9.335278 5.384724
2161320742913810 -0.854756 7.436617 4.956149
2161321002913840 0.349564 9.237112 5.851608
2161321262913770 0.727860 8.004061 4.022382
2161321522913766 -0.466884 8.717555 4.980092
2161321782913762 -0.435758 7.221133 6.409474
2161322042913792 -0.304073 7.917867 4.189981
2161322302913788 0.869122 8.123775 5.854002
2161322562913784 -0.050280 8.265037 5.224308
2161322822913780 -0.359141 7.338452 7.192401
2161323082913709 -0.028731 8.382356 4.254626
2161323342913772 0.256187 7.324087 7.307327
2161323602913835 -0.138868 8.147717 3.478881
2161323862913763 -0.201119 7.925050 7.676045
2161324122913792 -0.287313 7.609005 3.471699
2161324382913855 0.383084 8.327288 7.527600
2161324642913850 0.457306 8.037580 3.691972
2161324902913811 0.011971 8.145323 8.152506
2161325162913774 -0.095771 8.054340 3.727886
2161325422913671 0.596174 8.099832 6.387925
2161325682913700 0.110137 8.248277 3.174809
2161325942913696 -0.495615 8.631361 7.453377
2161326202913693 -0.292102 8.133351 3.220300
2161326462913689 0.758985 8.624178 8.236305
2161326722913651 -0.105348 7.288173 2.193156
2161326982913682 1.082212 9.313729 9.744699
2161327242913711 -0.184359 7.960964 3.761406
2161327502913673 0.679974 9.747093 7.031985
2161327762913670 -0.028731 7.719142 2.743839
2161328022913665 -0.016760 10.269045 5.614574
2161328282913760 0.122108 7.407886 2.751022
2161328542913824 1.798100 11.420691 5.576266
2161328802913685 0.325621 7.034379 2.303292
2161329062913615 -0.308861 11.051972 3.888302
2161329322913713 0.454912 6.747066 2.355966
2161329582913775 1.419805 12.522058 4.570671
2161329842913671 0.404632 6.567496 4.039142
2161330102913634 -0.217879 11.794198 3.629721
2161330362913663 0.363930 6.330462 4.879532
2161330622913659 0.495615 11.854054 4.254626
2161330882913622 0.110137 6.091035 4.917840
2161331142913685 0.294496 10.846065 5.308107
2161331402913581 0.596174 6.349617 4.620950
2161331662913543 0.172388 11.104647 5.856396
2161331922913606 0.562655 6.464542 4.793338
2161332182913603 0.378295 10.685649 6.352011
2161332442913598 0.337593 7.477320 4.338426
2161332702913594 -0.258582 10.606637 5.672037
2161332962913524 0.689551 7.623371 3.701549
2161333222913586 0.332804 10.539598 5.770202
2161333483001067 -0.608146 7.946598 2.197944
2161333743000997 0.074223 9.838076 4.963332
2161334003001026 0.933767 8.502069 3.055095
2161334263001090 0.387873 9.754275 5.724711
2161334523001119 -0.699128 8.059129 2.576240
2161334783001080 -0.225062 8.751075 4.676019
2161335043001043 0.919402 8.334471 5.406272
2161335303001006 0.117319 8.588264 4.532362
2161335563000968 0.071828 8.097438 6.919454
2161335823000998 -0.277736 8.205180 3.047912
2161336083001028 0.799688 8.956982 7.156487
2161336343000990 0.162811 7.388732 1.936968
2161336603000920 0.251399 11.059155 4.747847
2161336863000983 1.012778 7.087053 2.097385
2161337123000979 2.806090 11.842083 4.424620
2161337383000941 0.833208 7.297750 4.259415
2161337643000937 -0.438152 10.465375 4.544333
2161337903000900 0.076617 7.084659 3.536344
2161338163000896 0.339987 10.881979 5.885128
2161338423000892 0.107742 6.316097 3.766194
2161338683000922 0.179571 10.881979 5.858790
2161338943000885 0.349564 5.827665 4.925023
2161339203000881 0.873910 11.530828 5.530775
2161339463000945 0.541106 6.033573 5.197970
2161339723000941 0.373507 10.769448 7.283384
2161339983000902 -0.450124 6.450176 4.862772
2161340243000899 0.083800 10.877191 6.435811
2161340503000861 0.754197 6.744672 4.130124
2161340763000890 -0.110137 9.974549 6.993677
2161341023000920 -0.574626 7.283384 4.711933
2161341283000849 0.043097 10.494106 6.134132
2161341543000845 0.883487 7.206767 4.537151
2161341803000875 0.059857 10.278622 6.531582
2161342063000871 -0.509981 7.977724 3.117346
2161342323000867 -0.196331 10.012857 6.222720
2161342583000897 1.290514 7.798153 3.007209
2161342843000892 -0.124502 9.560339 6.574678
2161343103000855 -1.043904 8.063917 2.887496
2161343363000852 -0.076617 9.052753 5.741471
2161343623000915 0.610540 7.640131 4.031959
2161343883000845 0.028731 9.160496 5.861185
2161344143000808 -0.663214 7.757451 4.151672
2161344403000871 0.282524 9.071907 4.513208
2161344663000901 0.974470 7.671257 6.730307
2161344923000897 -0.067040 8.138140 3.861965
2161345183000826 0.531529 9.086273 8.542772
2161345443000823 0.040703 7.690411 3.004815
2161345703000852 1.079818 9.881172 7.767027
2161345963000815 0.782928 7.407886 2.559480
2161346223000812 0.478855 11.107040 4.568276
2161346483000808 1.003201 7.017620 2.521171
2161346743000770 0.823631 10.367210 6.182017
2161347003000867 0.481249 6.280183 5.480495
2161347263000863 -0.845179 10.120600 6.603410
2161347523000825 0.670397 6.308914 5.815693
2161347783000855 0.028731 10.455798 7.891530
2161348043000817 0.572232 6.715941 5.511621
2161348303000846 0.574626 10.158908 7.400703
2161348563000910 -0.059857 7.400703 4.484477
2161348823000805 0.320833 9.620196 6.119766
2161349083000735 1.149252 7.767027 4.592219
2161349343000832 0.347170 9.586677 6.091035
2161349603000828 -0.373507 8.269825 2.576240
2161349863000790 0.095771 9.179649 6.225114
2161350123000753 1.201926 8.011244 3.517190
2161350383000716 0.229850 8.911490 5.466129
2161350643000712 0.110137 7.898713 5.336839
2161350903000742 0.057463 8.506859 4.743058
2161351163000772 1.271360 7.865193 6.371165
2161351423000735 0.320833 7.960964 3.414236
2161351683000697 0.083800 7.965752 7.901107
2161351943000727 -0.179571 8.032792 2.858764
2161352203000757 0.732648 8.985713 6.861991
2161352463000752 0.457306 7.544360 3.107769
2161352723000715 0.507586 10.036800 9.452597
2161352983000678 -0.033520 7.496474 3.565075
2161353243000707 1.098972 11.018453 6.567496
2161353503000737 0.095771 6.773404 2.837216
2161353763000700 -0.028731 11.257880 4.917840
2161354023000663 0.284919 6.771009 3.732674
2161354283101315 0.052674 11.913912 4.431803
2161354543101379 0.057463 6.057515 4.036747
2161354803101375 -0.299284 11.260275 5.059103
2161355063101371 0.447729 5.978504 4.565882
2161355323101367 0.414210 11.296188 6.287365
2161355583101296 0.304073 5.466129 5.542746
2161355843101392 0.347170 10.565935 6.035967
2161356103101455 -0.079011 6.354405 5.008823
2161356363101284 0.256187 10.848459 6.991282
2161356623101280 0.668003 6.531582 4.939389
2161356883101344 -0.627300 10.185245 6.105401
2161357143101373 -0.521952 7.654497 2.602577
2161357403101402 0.402238 9.172467 6.000052
2161357663101365 1.517970 8.229122 3.510007
2161357923101262 1.412622 8.810931 4.774184
2161358183101324 0.457306 7.889135 6.684815
2161358443101320 -0.332804 7.144516 4.271386
2161358703101317 0.464489 8.569110 8.585870
2161358963101279 0.134079 7.273807 4.048719
2161359223101275 -0.632089 9.766247 7.118179
2161359483101306 0.373507 7.075082 3.483670
2161359743101335 0.588992 11.420691 5.207548
2161360003101263 -0.112531 6.050333 4.185193
2161360263101260 0.098165 10.673677 6.878752
2161360523101222 -0.328016 5.956956 4.345609
2161360783101251 0.299284 10.649734 6.447782
2161361042934816 0.440547 5.595420 5.782174
2161361302934744 0.124502 10.350450 7.393521
2161361563101208 -0.107742 6.126949 5.554718
2161361823101271 -0.189148 10.391152 7.529994
2161362083101300 0.498009 6.150892 5.456553
2161362343101229 -0.110137 9.850046 6.538764
2161362603101225 -0.081405 7.144516 5.106988
2161362863101221 -0.356747 10.060742 6.974523
2161363123101184 0.517163 6.414262 5.480495
2161363383101180 -0.251399 9.596253 7.374366
2161363643101243 -0.629694 6.847626 4.391100
2161363903101173 -0.265765 10.122993 6.050333
2161364163199237 0.136474 6.806923 3.615355
2161364423199300 -0.347170 9.857229 8.049552
2161364683199296 -1.115732 6.993677 2.279350
2161364943199257 0.004789 9.407105 5.660066
2161365203199220 1.395862 7.544360 3.510007
2161365463199150 -0.026337 8.767835 6.189200
2161365723199212 -1.204320 7.182825 4.120547
2161365983199242 0.136474 8.221940 4.984880
2161366243199171 0.804476 7.450983 6.562707
2161366503199167 0.146051 7.776605 4.410254
2161366763199163 0.593780 7.314509 9.325701
2161367023199226 0.624906 7.508446 3.399870
2161367283199222 2.320052 9.052753 9.079090
2161367543199218 0.665608 7.450983 5.095017
2161367803199181 -0.275342 9.426260 5.648094
2161368063199176 0.177176 7.113390 3.261002
2161368323199239 0.524346 10.810151 5.458947
2161368583199268 0.440547 5.856396 4.814887
2161368843199129 -0.038308 11.181263 5.027977
2161369103199092 -0.323227 5.846819 5.181211
2161369363199189 0.758985 10.958596 5.035160
2161369623199185 0.337593 5.693585 4.362369
2161369883199147 0.079011 10.357633 6.277789
2161370143199143 -0.062251 6.261029 4.776578
2161370403199106 1.106155 10.331296 6.861991
2161370663199102 0.957710 6.498062 5.423032
2161370923199098 0.339987 10.632975 6.998465
2161371183199128 0.244216 6.945791 4.465322
2161371443199091 0.114925 10.407912 7.122968
2161371703199053 1.709512 7.307327 5.255433
2161371963199117 -1.043904 9.273026 8.245882
2161372223199113 -0.591386 7.360001 1.766975
2161372483199108 0.418998 9.179649 6.191595
2161372743199105 1.199532 6.941003 3.988862
2161373003199034 -0.773351 9.433443 7.197190
2161373263199063 -0.387873 7.862799 3.763800
2161373523199127 0.014366 9.323306 5.339233
2161373783199056 1.649655 7.948992 4.501236
2161374043199052 0.052674 8.497281 6.735095
2161374303199116 -0.536318 7.221133 4.477294
2161374563199145 0.359141 9.359221 5.612180
2161374823199107 1.695147 7.625765 4.534757
2161375083199104 -0.548289 8.825297 5.514015
2161375343199099 -0.244216 7.077477 5.865973
2161375603199095 0.287313 8.837268 4.898686
2161375863199092 0.761379 6.936214 6.826077
2161376123199155 0.272947 8.413482 3.641692
2161376383199051 0.404632 8.030397 9.143736
2161376643199047 -0.093377 8.387145 2.396669
2161376903199076 1.388679 9.368797 7.858010
2161377163199073 0.423787 7.233104 2.590605
2161377423199068 1.563461 9.648928 10.805362
2161377683199030 0.466884 7.527600 3.567469
2161377943198994 1.273754 10.237919 9.483723
2161378203199056 0.414210 6.644113 3.510007
2161378463199052 0.134079 10.762265 3.976891
2161378723199049 0.804476 5.842031 2.796513
2161378983199012 2.595394 11.095070 5.276982
2161379243198974 1.096578 5.607392 4.807704
2161379503199038 -0.627300 9.191621 7.048745
2161379763199034 -0.160416 4.905869 6.332857
2161380023198996 -0.572232 9.656111 8.190814
2161380283199059 1.283331 6.366377 4.216318
2161380543199021 -1.065452 8.504464 7.462955
2161380803199083 -0.198725 7.704776 4.515602
2161381063199113 0.292102 9.098245 5.624152
2161381323198975 2.128510 7.817307 4.359974
2161381583198938 -0.239427 8.700794 5.463735
2161381843199001 0.146051 7.860404 3.129317
2161382103198997 -0.414210 8.928250 4.968120
2161382363198993 0.665608 7.429435 8.509253
2161382623198989 -0.876305 7.556331 3.062278
2161382883198952 0.158022 10.103840 5.913859
2161383143198981 0.126897 6.967340 2.614548
2161383403198977 1.719089 12.122213 5.571477
2161383663199041 0.498009 6.256240 4.800521
2161383923198971 -0.181965 11.032818 3.684789
2161384183198900 0.440547 5.808511 4.649682
2161384443198930 0.914613 12.704022 5.106988
2161384703198960 0.057463 4.850801 5.549929
2161384963285790 -0.026337 10.726351 7.249864
2161385223285753 -0.141262 5.116565 6.016813
2161385483285716 0.148445 10.673677 6.529187
2161385743285778 0.988836 5.300924 6.850020
2161386003285842 -0.885882 9.641745 7.704776
2161386263285738 0.234639 5.856396 5.147691
2161386523285701 0.026337 10.230737 8.310528
2161386783285764 0.720677 6.186806 5.557112
2161387043285794 -0.471672 9.680053 5.616969
2161387303285757 -1.347977 7.261836 2.332024
2161387563285753 -0.409421 9.129370 5.832453
2161387823285782 1.441353 7.561120 6.543553
2161388083285711 -1.221080 7.982512 5.291348
2161388343285741 -0.040703 7.860404 10.355239
2161388603285804 -0.440547 7.623371 4.898686
2161388863285700 0.569837 7.953781 9.828498
2161389123285696 -0.371113 7.685622 3.258608
2161389383285793 -1.089395 9.941029 5.231491
2161389643285788 0.665608 6.440599 3.845205
2161389903285783 0.069434 11.502096 5.274588
2161390163285746 -0.004789 5.650488 5.451764
2161390423285643 -0.114925 10.182851 7.561120
2161390683285738 0.289707 5.619363 5.887522
2161390943285734 0.059857 10.429461 6.938608
2161391203285697 0.227456 5.355993 5.202759
2161391463285659 -0.328016 9.771035 6.984099
2161391723285621 0.263370 6.447782 5.624152
2161391983285652 -0.143656 10.182851 5.736682
2161392243285681 1.055875 6.605804 4.055902
2161392503285643 -0.249005 9.213169 7.240287
2161392763285640 -1.000807 7.668862 3.124529
2161393023285602 -0.380690 8.676852 5.796539
2161393283285598 1.343188 7.553937 5.549929
2161393543285662 -0.275342 8.147717 4.649682
2161393803285624 -0.598569 7.108602 6.917060
2161394063285587 -0.495615 7.769422 4.012805
2161394323285584 0.282524 7.707170 9.783007
2161394583285646 0.359141 8.011244 4.110970
2161394843285643 -0.263370 9.589070 7.115785
2161395103285639 -0.131685 7.213950 3.244242
2161395363285602 0.608146 11.559559 5.370358
2161395623285565 0.316044 5.583449 6.004841
2161395883285561 0.205908 10.012857 7.838856
2161396143285624 0.184359 6.419051 5.868368
2161396403285554 0.404632 10.245102 6.802135
2161396663285583 1.144463 7.276201 4.053507
2161396923285646 -0.488432 9.519637 6.182017
2161397183285609 -0.902642 7.570697 4.328849
2161397443285570 -0.079011 8.274613 5.288953
2161397703285566 0.672791 7.731113 9.744699
2161397963285496 0.220273 7.580274 3.972102
2161398223285525 0.687157 10.108628 6.000052
2161398483285555 -0.466884 7.352818 4.216318
2161398743285518 0.021548 9.201198 6.131738
2161399003285514 0.090982 7.314509 6.371165
2161399263285510 0.502798 8.360807 5.140508
