# Created at Thu Nov 21 18:15:32 GMT+09:00 2024
2161205039074466 0.467406 0.103001 0.125853 0.868955
2161205179075716 0.471014 0.070562 0.140212 0.868047
2161205319075981 0.500866 0.085627 0.132790 0.850980
2161205459076031 0.492796 0.076947 0.136248 0.855959
2161205599076117 0.515106 0.058673 0.149659 0.841917
2161205739076115 0.518130 0.084054 0.151256 0.837614
2161205879076113 0.546771 0.123281 0.140443 0.816160
2161206019076244 0.539739 0.119172 0.142244 0.821124
2161206159076208 0.539268 0.119283 0.139807 0.821836
2161206319076172 0.537933 0.115788 0.125323 0.825538
2161206459076136 0.527751 0.102811 0.110490 0.835882
2161206599076068 0.530316 0.105413 0.104221 0.834739
2161206739076100 0.545318 0.115812 0.088776 0.825429
2161206879076163 0.551815 0.124655 0.094728 0.819137
2161207019076195 0.543822 0.114003 0.122634 0.822326
2161207159076159 0.539535 0.115680 0.142365 0.821736
2161207299076090 0.541426 0.116914 0.145774 0.819718
2161207439076088 0.546352 0.114157 0.143647 0.817209
2161207579076086 0.530232 0.115428 0.142550 0.827773
2161207719076084 0.529646 0.124325 0.143713 0.826658
2161207859076115 0.521383 0.126797 0.125049 0.834532
2161207999076113 0.516069 0.121717 0.130654 0.837727
2161208139076145 0.510650 0.120855 0.144518 0.838894
2161208279076177 0.498603 0.130197 0.166595 0.840647
2161208419076174 0.505178 0.124216 0.182595 0.834280
2161208559076172 0.497399 0.104825 0.184667 0.841132
2161208699076170 0.498148 0.109421 0.169888 0.843216
2161208839076100 0.507572 0.107941 0.147056 0.842076
2161208979076131 0.525706 0.118459 0.133588 0.831717
2161209119076196 0.538064 0.130947 0.141551 0.820549
2161209259076094 0.539848 0.129984 0.161811 0.815772
2161209400646538 0.526316 0.123527 0.180003 0.821785
2161209540879902 0.536013 0.121559 0.176502 0.816553
2161209681113101 0.548335 0.115820 0.165265 0.811542
2161209821346498 0.549305 0.113935 0.153262 0.813506
2161209961413195 0.534905 0.126534 0.142803 0.823087
2161210101413126 0.541561 0.129074 0.147294 0.817529
2161210241413224 0.556890 0.126614 0.177561 0.801444
2161210381413222 0.549877 0.131028 0.191430 0.802384
2161210521413219 0.539554 0.131264 0.191496 0.809308
2161210661413184 0.545874 0.123710 0.179166 0.809083
2161210801413148 0.539679 0.118979 0.157946 0.818317
2161210941413112 0.520659 0.124808 0.152587 0.830694
2161211081413110 0.531849 0.129125 0.142761 0.824670
2161211221413142 0.552921 0.126531 0.152150 0.809393
2161211361413106 0.532331 0.132818 0.172822 0.817994
2161211501413137 0.520605 0.131403 0.182684 0.823607
2161211641413202 0.532553 0.134212 0.184673 0.815027
2161211781413200 0.548908 0.117683 0.173550 0.809154
2161211921413164 0.526538 0.115707 0.157262 0.827427
2161212061413228 0.526618 0.119577 0.143736 0.829284
2161212201413193 0.538528 0.118210 0.143374 0.821861
2161212341413191 0.527795 0.124575 0.168603 0.823095
2161212481413188 0.522576 0.120455 0.181145 0.824373
2161212621413120 0.536158 0.125133 0.183401 0.814394
2161212761413185 0.545753 0.114465 0.175084 0.811416
2161212901413149 0.527782 0.109329 0.163850 0.826223
2161213041413180 0.508212 0.114174 0.151168 0.840138
2161213181413178 0.523516 0.109977 0.141298 0.832988
2161213321413075 0.523834 0.114685 0.159007 0.828951
2161213461413073 0.503874 0.123106 0.183499 0.835035
2161213601413137 0.505206 0.118291 0.194573 0.832414
2161213741413102 0.525820 0.116179 0.185254 0.822007
2161213881413100 0.523995 0.111097 0.170800 0.826990
2161214021413131 0.511450 0.114989 0.153479 0.837639
2161214161413096 0.521833 0.119686 0.143423 0.832342
2161214301413128 0.543413 0.119151 0.145378 0.818149
2161214441413125 0.537798 0.119862 0.162892 0.818456
2161214581413123 0.532126 0.121979 0.178412 0.818615
2161214721413054 0.543070 0.120998 0.170406 0.813262
2161214861413152 0.555884 0.114060 0.160304 0.807641
2161215001413116 0.543977 0.107773 0.159177 0.816783
2161215141413080 0.533602 0.115449 0.144732 0.825222
2161215281413212 0.543152 0.112520 0.136941 0.820714
2161215421413109 0.553781 0.104768 0.149462 0.812410
2161215561413106 0.528647 0.115114 0.166180 0.824417
2161215701413138 0.525157 0.111089 0.177141 0.824917
2161215841413068 0.530437 0.114091 0.182013 0.820055
2161215981413066 0.544347 0.110810 0.169555 0.814038
2161216121413063 0.523480 0.114078 0.162657 0.828550
2161216261413095 0.525881 0.113999 0.143319 0.830609
2161216401413060 0.536070 0.112312 0.148033 0.823468
2161216541413091 0.531721 0.117384 0.167131 0.821924
2161216681413089 0.525109 0.119835 0.184102 0.822195
2161216821413054 0.532057 0.117921 0.184378 0.817932
2161216961413085 0.542506 0.112787 0.173680 0.814126
2161217101413083 0.527394 0.108300 0.161773 0.827015
2161217241413047 0.503827 0.113563 0.151003 0.842887
2161217381413045 0.512881 0.112859 0.146561 0.838293
2161217521413043 0.521689 0.111068 0.160932 0.830424
2161217661413040 0.512007 0.118149 0.178152 0.831955
2161217801413105 0.506066 0.109533 0.186662 0.834898
2161217941413103 0.524772 0.111592 0.177704 0.824974
2161218081413067 0.515756 0.119626 0.161792 0.832771
2161218221413032 0.496491 0.114539 0.152859 0.846765
2161218361412996 0.495924 0.108388 0.148500 0.848680
2161218501412994 0.505748 0.103594 0.150589 0.843095
2161218641412958 0.494576 0.108632 0.167656 0.845863
2161218781413024 0.482401 0.106825 0.184899 0.849523
2161218921413089 0.492158 0.108141 0.190287 0.842541
2161219061413087 0.511826 0.106874 0.180709 0.833040
2161219201413084 0.501812 0.100489 0.161977 0.843711
2161219341413083 0.489367 0.106263 0.146309 0.853124
2161219481413047 0.497333 0.103177 0.140090 0.849934
2161219621413011 0.507436 0.102628 0.150875 0.842147
2161219761413009 0.486171 0.109624 0.175032 0.849107
2161219901413040 0.483868 0.105008 0.181891 0.849564
2161220041412971 0.491328 0.108008 0.186271 0.843939
2161220181413002 0.491930 0.107874 0.169761 0.847082
2161220321413100 0.475166 0.105004 0.151162 0.860430
2161220461413031 0.476951 0.098929 0.140743 0.861929
2161220601413029 0.487865 0.088100 0.148310 0.855703
2161220741413060 0.476088 0.096174 0.166107 0.858195
2161220881412957 0.461570 0.092529 0.178283 0.864064
2161221021412989 0.482615 0.090986 0.181100 0.852060
2161221161412953 0.508660 0.090531 0.165235 0.840098
2161221301412950 0.492873 0.093930 0.149196 0.852052
2161221441412948 0.475883 0.089001 0.138116 0.864023
2161221581413013 0.484211 0.085121 0.131015 0.860888
2161221721412977 0.494251 0.089285 0.152208 0.851220
2161221861413008 0.482361 0.093102 0.159873 0.856212
2161222001413073 0.484231 0.089325 0.163712 0.854832
2161222141412971 0.501564 0.093827 0.165479 0.843946
2161222281412935 0.493653 0.088771 0.151423 0.851761
2161222421413000 0.471157 0.089995 0.136130 0.866822
2161222561412964 0.481811 0.091222 0.125264 0.862464
2161222701412962 0.493229 0.089921 0.139772 0.853874
2161222841413026 0.487983 0.096195 0.156813 0.853245
2161222981413024 0.477701 0.085516 0.170829 0.857499
2161223121413022 0.490669 0.090372 0.176666 0.848448
2161223261413019 0.502234 0.096529 0.167688 0.842806
2161223401412984 0.485815 0.084570 0.159716 0.855173
2161223541412982 0.473490 0.079551 0.146494 0.864880
2161223681412946 0.487790 0.074223 0.137759 0.858820
2161223821412977 0.495342 0.086799 0.153825 0.850552
2161223961413041 0.485210 0.085765 0.171642 0.853085
2161224101413006 0.480235 0.087808 0.176638 0.854670
2161224241413004 0.486132 0.075898 0.179355 0.851907
2161224381413035 0.488804 0.076426 0.155384 0.855034
2161224521412999 0.476961 0.077940 0.139137 0.864334
2161224661412964 0.485568 0.081430 0.129940 0.860643
2161224801412961 0.497118 0.083744 0.146850 0.851055
2161224941412993 0.479375 0.093901 0.174326 0.854980
2161225081412991 0.475780 0.090332 0.186299 0.854848
2161225221413022 0.489031 0.086346 0.198868 0.844892
2161225361413020 0.499601 0.090157 0.180067 0.842523
2161225501412984 0.493601 0.087342 0.161976 0.849995
2161225641412982 0.476129 0.083748 0.149573 0.862504
2161225781412946 0.487510 0.081142 0.142109 0.857644
2161225921412909 0.496479 0.091070 0.162403 0.847844
2161226061412941 0.491945 0.092726 0.179887 0.846777
2161226201412906 0.480303 0.089357 0.197183 0.849966
2161226341412903 0.487385 0.093237 0.198171 0.845275
2161226481412902 0.485348 0.090716 0.178836 0.851014
2161226621412933 0.475496 0.080344 0.158476 0.861587
2161226761412898 0.479950 0.085569 0.150547 0.860035
2161226901412895 0.494426 0.087948 0.156707 0.850441
2161227041412994 0.482893 0.088041 0.184135 0.851561
2161227181412892 0.469970 0.098774 0.204838 0.852885
2161227321412923 0.478592 0.113959 0.216686 0.843213
2161227461412954 0.501943 0.113647 0.207527 0.831907
2161227601412885 0.490627 0.104241 0.183608 0.845403
2161227741412884 0.479524 0.100820 0.167848 0.855405
2161227881412882 0.485783 0.100633 0.164031 0.852632
2161228021412879 0.487901 0.105384 0.184165 0.846716
2161228161412844 0.472650 0.104384 0.200968 0.851655
2161228301412876 0.469295 0.103059 0.210613 0.851341
2161228441412840 0.481424 0.098941 0.212418 0.844582
2161228581412838 0.490800 0.094522 0.189389 0.845169
2161228721412903 0.476726 0.089644 0.170785 0.857629
2161228861412901 0.480231 0.086042 0.156454 0.858775
2161229001412899 0.488778 0.078317 0.161361 0.853770
2161229141412964 0.483637 0.082938 0.179181 0.852707
2161229281412928 0.481861 0.089581 0.182613 0.852312
2161229421412859 0.489322 0.087438 0.185662 0.847612
2161229561412890 0.506431 0.082371 0.179878 0.839277
2161229701412855 0.494250 0.077827 0.163738 0.850205
2161229841412853 0.480309 0.087014 0.146608 0.860370
2161229981412850 0.486153 0.082680 0.137585 0.859004
2161230120505640 0.497575 0.086276 0.151418 0.849733
2161230260505705 0.495977 0.085893 0.173920 0.846392
2161230400505669 0.482299 0.080279 0.182517 0.853012
2161230540505700 0.505800 0.072850 0.174998 0.841566
2161230680505731 0.514650 0.078857 0.151586 0.840201
2161230820505628 0.495661 0.072909 0.139571 0.854121
2161230960505659 0.497723 0.081683 0.138759 0.852259
2161231100505723 0.501770 0.080119 0.138874 0.850012
2161231240505621 0.489264 0.078213 0.149674 0.855628
2161231380505653 0.469087 0.079719 0.169677 0.863024
2161231520505684 0.479158 0.076518 0.173369 0.857026
2161231660505649 0.501374 0.069012 0.167518 0.846048
2161231800505714 0.499814 0.059533 0.147216 0.851450
2161231940505678 0.486210 0.064620 0.137244 0.860573
2161232080505709 0.492905 0.071247 0.132035 0.857050
2161232220505640 0.502256 0.074918 0.149063 0.848472
2161232360505705 0.488596 0.084249 0.167647 0.852097
2161232500505669 0.473712 0.082010 0.180915 0.857986
2161232640505567 0.482260 0.073380 0.182443 0.853671
2161232780505699 0.487426 0.079398 0.165229 0.853704
2161232920505630 0.472866 0.082990 0.148942 0.864480
2161233060505627 0.479870 0.078979 0.137076 0.862957
2161233200505659 0.485203 0.060135 0.127309 0.862991
2161233340505589 0.471430 0.075627 0.161250 0.863731
2161233480505587 0.461815 0.077316 0.179598 0.865155
2161233620505584 0.471662 0.077179 0.183976 0.858912
2161233760505649 0.499639 0.076044 0.169963 0.845984
2161233900505614 0.479532 0.070701 0.142295 0.863019
2161234040505678 0.468190 0.071515 0.141046 0.869361
2161234180505676 0.473988 0.076878 0.142687 0.865485
2161234320505607 0.469677 0.074251 0.162619 0.864548
2161234460505638 0.449823 0.089739 0.183861 0.869368
2161234600505603 0.458929 0.084643 0.188206 0.864174
2161234740505567 0.482804 0.090437 0.188905 0.850314
2161234880505565 0.465813 0.095768 0.175321 0.862037
2161235020505563 0.460977 0.087250 0.157375 0.868976
2161235160505560 0.474560 0.095288 0.149006 0.862269
2161235300505625 0.494442 0.102073 0.159299 0.848369
2161235440505623 0.476128 0.109075 0.181582 0.853482
2161235580505587 0.462497 0.121247 0.203753 0.854329
2161235720505585 0.480189 0.113430 0.203403 0.845682
2161235860505549 0.467703 0.108707 0.189919 0.856368
2161236000505547 0.463804 0.090978 0.163168 0.866016
2161236140505511 0.470136 0.083981 0.146695 0.866255
2161236280505509 0.484668 0.083031 0.144372 0.858696
2161236420505541 0.465091 0.084334 0.168852 0.864908
2161236560672205 0.450179 0.093453 0.180706 0.869453
2161236700905503 0.463815 0.100493 0.194893 0.858366
2161236841138867 0.480917 0.089662 0.191747 0.850830
2161236981372165 0.474168 0.084257 0.164868 0.860745
2161237121505496 0.469523 0.079034 0.150964 0.866320
2161237261505528 0.482850 0.071583 0.135776 0.862145
2161237401505559 0.479492 0.079250 0.153728 0.860333
2161237541505524 0.464642 0.081805 0.175704 0.864027
2161237681505521 0.451866 0.084445 0.193483 0.866746
2161237821505586 0.448088 0.079477 0.204517 0.866644
2161237961505484 0.457701 0.077088 0.190545 0.865019
2161238101505515 0.467401 0.074412 0.164423 0.865426
2161238241505546 0.476203 0.080487 0.143912 0.863736
2161238381505477 0.484998 0.074614 0.133961 0.860966
2161238521505542 0.451526 0.072283 0.151398 0.876343
2161238661505606 0.442459 0.072994 0.160513 0.879281
2161238801505603 0.458817 0.073562 0.163280 0.870295
2161238941505568 0.479956 0.080837 0.161357 0.858528
2161239081505566 0.473819 0.077090 0.146531 0.864916
2161239221505497 0.462248 0.073838 0.126100 0.874627
2161239361505461 0.468149 0.073541 0.116948 0.872783
2161239501505526 0.485153 0.066304 0.134433 0.861485
2161239641505523 0.469007 0.072965 0.153642 0.866661
2161239781505554 0.449688 0.076569 0.165266 0.874416
2161239921505685 0.467119 0.077214 0.160679 0.866036
2161240061505649 0.477429 0.073935 0.146819 0.863156
2161240201505579 0.467507 0.070292 0.132892 0.871111
2161240341505577 0.469350 0.078203 0.125123 0.870596
2161240481505542 0.480821 0.083686 0.128343 0.863328
2161240621505507 0.460847 0.081332 0.157360 0.869622
2161240761505504 0.454435 0.082098 0.174755 0.869602
2161240901505502 0.482339 0.075048 0.173683 0.855307
2161241041505500 0.494957 0.080350 0.162564 0.849784
2161241181505497 0.469686 0.082275 0.143701 0.867165
2161241321505528 0.469645 0.083678 0.137450 0.868065
2161241461505526 0.480363 0.085171 0.135831 0.862291
2161241601505457 0.480577 0.093350 0.165149 0.856187
2161241741505455 0.453304 0.104480 0.188030 0.865010
2161241881505486 0.457595 0.101894 0.198487 0.860712
2161242021505451 0.478139 0.112079 0.207072 0.846133
2161242161505449 0.472139 0.107870 0.193254 0.853288
2161242301505447 0.466331 0.110411 0.173011 0.860471
2161242441505445 0.479725 0.099019 0.147740 0.859203
2161242581505477 0.496323 0.109799 0.156932 0.846746
2161242721505474 0.476613 0.111719 0.181368 0.852914
2161242861505472 0.474841 0.105190 0.197355 0.851182
2161243001505437 0.491147 0.099115 0.201064 0.841738
2161243141505502 0.500460 0.099549 0.181524 0.840641
2161243281505466 0.494140 0.091166 0.166002 0.848502
2161243421505430 0.487674 0.092613 0.149669 0.855099
2161243561505496 0.499006 0.090271 0.149486 0.848821
2161243701505427 0.475934 0.095993 0.176855 0.856150
2161243841505424 0.456740 0.100087 0.194165 0.862363
2161243981505456 0.469393 0.096601 0.203485 0.853774
2161244121505420 0.488980 0.094771 0.193606 0.845241
2161244261505385 0.469599 0.092352 0.173989 0.860624
2161244401505382 0.463979 0.094981 0.163096 0.865506
2161244541505414 0.476641 0.085912 0.141932 0.863300
2161244681505379 0.491793 0.098129 0.143034 0.853259
2161244821505410 0.475221 0.101793 0.164696 0.858299
2161244961505441 0.467167 0.094586 0.178023 0.860880
2161245101505406 0.478722 0.098809 0.191390 0.851135
2161245241505437 0.498287 0.104570 0.172316 0.843256
2161245381505435 0.488251 0.094283 0.158281 0.853034
2161245521505432 0.491971 0.099105 0.151224 0.851629
2161245661505430 0.512103 0.095275 0.150264 0.840293
2161245801505428 0.503339 0.104752 0.164485 0.841796
2161245941505425 0.497774 0.097805 0.181066 0.842537
2161246081505424 0.503898 0.096935 0.187282 0.837624
2161246221505422 0.511858 0.083792 0.184595 0.834807
2161246361505386 0.495238 0.083418 0.167041 0.848455
2161246501505384 0.487526 0.078868 0.155755 0.855475
2161246641505382 0.493752 0.075422 0.144408 0.854205
2161246781505413 0.511148 0.081257 0.152942 0.841863
2161246921505410 0.499067 0.088924 0.176963 0.843627
2161247061505408 0.484221 0.091716 0.192069 0.848662
2161247201505473 0.492215 0.102925 0.201377 0.840581
2161247341505404 0.503047 0.104321 0.189431 0.836765
2161247481505368 0.486295 0.092081 0.171312 0.851874
2161247621505400 0.491981 0.090502 0.148384 0.853080
2161247761505398 0.506484 0.093108 0.148346 0.844273
2161247901505362 0.488949 0.095323 0.178486 0.848519
2161248041505426 0.477513 0.096967 0.187394 0.852913
2161248181505457 0.490472 0.093359 0.192548 0.844775
2161248321505388 0.507854 0.086353 0.182612 0.837424
2161248461505386 0.510072 0.082254 0.153710 0.842278
2161248601505384 0.490516 0.062220 0.136174 0.858474
2161248741505315 0.508991 0.059884 0.124292 0.849642
2161248881505279 0.522078 0.081379 0.139419 0.837480
2161249021505344 0.503969 0.088467 0.162961 0.843582
2161249161505275 0.505428 0.093842 0.175889 0.839523
2161249301505307 0.514153 0.095823 0.187253 0.831505
2161249441505271 0.518027 0.096205 0.165634 0.833640
2161249581505335 0.501081 0.084279 0.148195 0.848441
2161249721505267 0.507209 0.070496 0.139847 0.847473
2161249861505332 0.518343 0.059613 0.148553 0.840058
2161250001505296 0.508036 0.063525 0.170656 0.841867
2161250141505294 0.493333 0.070123 0.184386 0.847175
2161250281505359 0.503991 0.077436 0.184171 0.840284
2161250421505324 0.523606 0.067049 0.171901 0.831739
2161250561505288 0.515191 0.062623 0.135985 0.843898
2161250701505353 0.502450 0.062331 0.107350 0.855648
2161250841556280 0.514998 0.061742 0.083902 0.850838
2161250981556278 0.530986 0.064945 0.088801 0.840208
2161251121556309 0.529018 0.061494 0.076177 0.842944
2161251261556307 0.529587 0.032759 0.039877 0.846683
2161251401556272 0.531611 -0.004003 -0.012553 0.846885
2161251541556269 0.539508 -0.038155 -0.095567 0.835668
2161251681556267 0.513413 -0.078021 -0.183843 0.834578
2161251821556199 0.491362 -0.121634 -0.267771 0.819796
2161251961556197 0.483878 -0.167126 -0.327178 0.794282
2161252101556261 0.467129 -0.176144 -0.338431 0.797638
2161252241556259 0.458565 -0.193913 -0.366756 0.785878
2161252381556291 0.447234 -0.218887 -0.389857 0.774648
2161252521556322 0.433296 -0.236388 -0.396579 0.774015
2161252661556353 0.433263 -0.275253 -0.418750 0.749110
2161252801556317 0.415598 -0.283494 -0.461028 0.731000
2161252941556315 0.407849 -0.279211 -0.486819 0.720212
2161253081556312 0.419010 -0.286465 -0.481858 0.714269
2161253221556277 0.426700 -0.277762 -0.462350 0.725952
2161253361556275 0.418155 -0.271371 -0.454041 0.738478
2161253501556272 0.408740 -0.278301 -0.454641 0.740797
2161253641556237 0.411375 -0.288700 -0.452643 0.736570
2161253781556235 0.404799 -0.291681 -0.473009 0.726168
2161253921556267 0.395869 -0.303978 -0.492380 0.713053
2161254061556231 0.398296 -0.316892 -0.511141 0.692584
2161254201556228 0.401857 -0.324879 -0.522016 0.678574
2161254341556260 0.405859 -0.318440 -0.511598 0.687124
2161254481556225 0.391391 -0.304010 -0.497594 0.711891
2161254621556222 0.402129 -0.310379 -0.484693 0.712059
2161254761556288 0.402311 -0.320282 -0.485994 0.706664
2161254901556286 0.382018 -0.307965 -0.507955 0.707954
2161255041556251 0.379200 -0.304431 -0.526735 0.697193
2161255181556248 0.388078 -0.314915 -0.525951 0.688184
2161255321556280 0.404943 -0.323976 -0.490992 0.699990
2161255461556211 0.409246 -0.293140 -0.475132 0.721689
2161255601556308 0.408176 -0.292179 -0.461782 0.731286
2161255741623006 0.423893 -0.307001 -0.443190 0.727768
2161255881856271 0.413350 -0.319589 -0.461501 0.716952
2161256022089668 0.403196 -0.305174 -0.489095 0.710694
2161256162322931 0.405578 -0.305842 -0.493463 0.706017
2161256302556229 0.423925 -0.298003 -0.466431 0.716884
2161256442556194 0.417300 -0.274594 -0.445681 0.742849
2161256582556159 0.408014 -0.256036 -0.437177 0.759502
2161256722556156 0.419089 -0.275901 -0.425402 0.753176
2161256862556188 0.426916 -0.278112 -0.432718 0.743740
2161257002556220 0.406325 -0.278984 -0.467252 0.733990
2161257142556184 0.392287 -0.278963 -0.493188 0.724606
2161257282556182 0.396202 -0.288333 -0.497729 0.715648
2161257422556213 0.404082 -0.292403 -0.474960 0.725003
2161257562556211 0.408220 -0.279566 -0.465165 0.734043
2161257702556175 0.414943 -0.284340 -0.452855 0.736134
2161257842556206 0.422512 -0.298824 -0.448664 0.728620
2161257982556171 0.409058 -0.289672 -0.468581 0.727456
2161258122556202 0.406850 -0.295549 -0.488640 0.712989
2161258262556232 0.413304 -0.303244 -0.503040 0.695825
2161258402556231 0.422771 -0.313234 -0.486517 0.697459
2161258542556263 0.411056 -0.296440 -0.467793 0.724102
2161258682556227 0.399592 -0.282178 -0.462366 0.739539
2161258822556158 0.408688 -0.284713 -0.447871 0.742510
2161258962556156 0.413122 -0.287198 -0.452608 0.736201
2161259102556120 0.396531 -0.280106 -0.477129 0.732564
2161259242556151 0.386433 -0.278281 -0.489976 0.730172
2161259382556216 0.401499 -0.277906 -0.489416 0.722521
2161259522556181 0.423344 -0.267699 -0.455676 0.735850
2161259662556179 0.421742 -0.260331 -0.431490 0.753774
2161259802556176 0.414107 -0.267421 -0.429628 0.756584
2161259942556140 0.415416 -0.276700 -0.429387 0.752657
2161260082556172 0.400913 -0.281335 -0.434058 0.756116
2161260222556136 0.399592 -0.284135 -0.458049 0.741474
2161260362556134 0.408048 -0.278339 -0.485653 0.721224
2161260502556065 0.412901 -0.281789 -0.483832 0.718340
2161260642556130 0.417970 -0.280329 -0.468202 0.726293
2161260782556094 0.415016 -0.282343 -0.477701 0.721002
2161260922556092 0.406686 -0.298797 -0.502354 0.702115
2161261062556191 0.403628 -0.315353 -0.539771 0.668043
2161261202556122 0.400198 -0.355876 -0.591464 0.602795
2161261342556086 0.341863 -0.385237 -0.674960 0.528346
2161261482556118 0.289366 -0.410446 -0.740450 0.446692
2161261622556082 0.250174 -0.438603 -0.773980 0.382092
2161261762556080 0.218115 -0.437886 -0.795191 0.358262
2161261902556111 0.190268 -0.448726 -0.807932 0.331191
2161262042556143 0.163968 -0.459901 -0.820050 0.298534
2161262182556108 0.138762 -0.476492 -0.824172 0.272836
2161262322556105 0.114933 -0.486949 -0.833418 0.234700
2161262462556136 0.093172 -0.476089 -0.853987 0.188049
2161262602556101 0.083760 -0.484954 -0.856972 0.152975
2161262742556099 0.083178 -0.502608 -0.847033 0.151660
2161262882556130 0.091521 -0.496779 -0.844847 0.176257
2161263022556094 0.091486 -0.481806 -0.846442 0.207434
2161263162556092 0.086437 -0.502490 -0.835932 0.203097
2161263302556090 0.087494 -0.507136 -0.833936 0.199266
2161263442556121 0.087716 -0.480982 -0.850948 0.191959
2161263582556119 0.080924 -0.487181 -0.852223 0.172687
2161263722556084 0.071279 -0.515314 -0.840445 0.151730
2161263862556048 0.079944 -0.535085 -0.824171 0.167432
2161264002556046 0.094493 -0.509543 -0.835986 0.180452
2161264142556044 0.090470 -0.486693 -0.846595 0.195502
2161264282556143 0.104176 -0.491965 -0.837586 0.213464
2161264422556141 0.093472 -0.514678 -0.827495 0.204010
2161264562556139 0.095093 -0.500214 -0.841265 0.181698
2161264702556171 0.099261 -0.489999 -0.851482 0.158195
2161264842556068 0.101487 -0.510862 -0.838137 0.162001
2161264982556065 0.090946 -0.505160 -0.838646 0.182247
2161265122556097 0.109013 -0.502065 -0.836377 0.191099
2161265262556095 0.120401 -0.492523 -0.835711 0.210975
2161265402556092 0.109907 -0.503798 -0.827433 0.222399
2161265542556090 0.103821 -0.484471 -0.844342 0.203945
2161265682556187 0.097980 -0.476562 -0.858177 0.163764
2161265822556152 0.087928 -0.486615 -0.858698 0.134575
2161265962556150 0.073817 -0.513870 -0.842491 0.143863
2161266102556215 0.083448 -0.502916 -0.845377 0.159525
2161266242556046 0.082805 -0.496686 -0.845373 0.178296
2161266382556077 0.074034 -0.504233 -0.839716 0.187468
2161266522556075 0.056689 -0.519882 -0.834188 0.175038
2161266662556006 0.058354 -0.503534 -0.847887 0.155351
2161266802556071 0.075299 -0.483985 -0.861533 0.133596
2161266942556035 0.076132 -0.490127 -0.857527 0.136476
2161267082556066 0.075634 -0.487203 -0.854542 0.163309
2161267222555997 0.088976 -0.472771 -0.856013 0.189240
2161267362556028 0.090341 -0.469751 -0.853359 0.207243
2161267502555992 0.082944 -0.477720 -0.845873 0.222263
2161267642555990 0.082002 -0.478731 -0.851879 0.195942
2161267782556055 0.083836 -0.483744 -0.855881 0.162572
2161267922555986 0.079436 -0.491178 -0.856346 0.138214
2161268062555950 0.074912 -0.500450 -0.849362 0.150071
2161268202556048 0.079654 -0.488114 -0.850011 0.181329
2161268342556046 0.073334 -0.493282 -0.846494 0.186393
2161268482556044 0.092265 -0.498579 -0.835851 0.210376
2161268622556109 0.090194 -0.521564 -0.820236 0.216903
2161268762556039 0.082820 -0.504916 -0.838927 0.185472
2161268902556037 0.078538 -0.497105 -0.850419 0.153310
2161269042556034 0.080250 -0.507456 -0.845680 0.144470
2161269182556032 0.088138 -0.511874 -0.836524 0.174477
2161269322556030 0.098936 -0.503144 -0.834428 0.201958
2161269462555994 0.103293 -0.491478 -0.837235 0.216367
2161269602556025 0.108039 -0.484557 -0.836232 0.232910
2161269742556023 0.095227 -0.499566 -0.833369 0.216471
2161269882555987 0.087860 -0.483016 -0.851225 0.185448
2161270022555985 0.087500 -0.473194 -0.860377 0.167871
2161270162556016 0.074862 -0.480071 -0.860331 0.154133
2161270302556014 0.072146 -0.465254 -0.863391 0.181351
2161270442555979 0.090579 -0.459248 -0.858683 0.208682
2161270582556010 0.103953 -0.453413 -0.854372 0.231643
2161270722556008 0.113694 -0.471411 -0.841369 0.238627
2161270862556007 0.109346 -0.456773 -0.853202 0.226821
2161271002556038 0.100985 -0.461464 -0.856863 0.206488
2161271142556102 0.092664 -0.483567 -0.852826 0.173963
2161271282556033 0.098002 -0.497204 -0.842689 0.181817
2161271422556098 0.104716 -0.470423 -0.851740 0.205609
2161271562702687 0.105054 -0.459279 -0.853658 0.222021
2161271702702718 0.102624 -0.472136 -0.844418 0.231326
2161271842702717 0.097257 -0.482569 -0.843880 0.213383
2161271982702648 0.087232 -0.471882 -0.855911 0.192699
2161272122702645 0.090287 -0.481454 -0.856041 0.165051
2161272262702609 0.081995 -0.505812 -0.844909 0.153487
2161272402702606 0.076240 -0.504792 -0.842977 0.169587
2161272542702571 0.080435 -0.488855 -0.848364 0.186623
2161272682702568 0.082647 -0.490534 -0.843581 0.202275
2161272822702600 0.082837 -0.495102 -0.839700 0.207159
2161272962702498 0.083842 -0.468848 -0.859524 0.185390
2161273102702529 0.076562 -0.469289 -0.865340 0.158401
2161273242702560 0.069603 -0.480394 -0.864037 0.133477
2161273382702525 0.066130 -0.483436 -0.861118 0.142801
2161273522702590 0.064158 -0.465856 -0.865755 0.171256
2161273662702588 0.063043 -0.463449 -0.865410 0.179736
2161273802702552 0.073036 -0.475635 -0.856211 0.187984
2161273942702517 0.071976 -0.494951 -0.847912 0.175743
2161274082702515 0.077683 -0.480114 -0.859741 0.155885
2161274222702512 0.071096 -0.472780 -0.868785 0.128981
2161274362702544 0.074651 -0.471653 -0.871414 0.112284
2161274502702609 0.078180 -0.462934 -0.871690 0.140478
2161274642702573 0.085361 -0.457147 -0.870523 0.160989
2161274782702571 0.071084 -0.458465 -0.867784 0.178065
2161274922702602 0.081346 -0.467241 -0.859549 0.190376
2161275062702567 0.080400 -0.439251 -0.876141 0.181577
2161275202702531 0.088928 -0.462192 -0.867193 0.162619
2161275342702529 0.076461 -0.465710 -0.870837 0.137511
2161275482702494 0.080378 -0.470013 -0.866267 0.149021
2161275622702525 0.083768 -0.460977 -0.864191 0.183455
2161275762702522 0.081026 -0.442423 -0.871353 0.196062
2161275902702554 0.080266 -0.453546 -0.862955 0.207753
2161276042702586 0.093041 -0.473389 -0.851736 0.204430
2161276182702550 0.076816 -0.466101 -0.865234 0.167981
2161276322702514 0.071765 -0.455611 -0.874870 0.147884
2161276462702512 0.068407 -0.460099 -0.873268 0.145020
2161276602702443 0.074714 -0.470771 -0.863146 0.166644
2161276742702474 0.093362 -0.448888 -0.865528 0.201599
2161276882702539 0.095743 -0.442657 -0.864368 0.218529
2161277022702504 0.099410 -0.460683 -0.852104 0.227611
2161277162702502 0.105812 -0.458496 -0.855819 0.214843
2161277302702533 0.090849 -0.464541 -0.859324 0.193671
2161277442702497 0.095722 -0.469004 -0.861514 0.169307
2161277582702529 0.093903 -0.474416 -0.857201 0.176962
2161277722702493 0.104451 -0.455348 -0.858526 0.211377
2161277862702524 0.114859 -0.444464 -0.856600 0.235574
2161278002702455 0.123226 -0.447930 -0.848563 0.253204
2161278142702553 0.115402 -0.470651 -0.837113 0.253792
2161278282702517 0.101239 -0.467264 -0.851636 0.214778
2161278422702515 0.095454 -0.469502 -0.858841 0.181237
2161278562702580 0.087267 -0.492382 -0.850440 0.163386
2161278702702511 0.092676 -0.505803 -0.840024 0.173011
2161278842702441 0.096389 -0.494998 -0.841226 0.194996
2161278982702473 0.095165 -0.481156 -0.845931 0.209361
2161279122702437 0.092655 -0.490903 -0.841290 0.206539
2161279262702469 0.083859 -0.506569 -0.838136 0.184072
2161279402702500 0.081235 -0.489542 -0.853197 0.160632
2161279542702532 0.083985 -0.494828 -0.853874 0.137804
2161279682702497 0.088272 -0.503044 -0.848653 0.137626
2161279822702460 0.091138 -0.484464 -0.854698 0.162723
2161279982702457 0.089897 -0.470468 -0.859530 0.178284
2161280122702489 0.083300 -0.478199 -0.853461 0.189711
2161280262702454 0.080479 -0.487075 -0.847467 0.195141
2161280402702451 0.072491 -0.501987 -0.844166 0.173596
2161280542702449 0.067978 -0.488551 -0.858284 0.141577
2161280682702480 0.057801 -0.502364 -0.854468 0.119052
2161280822702445 0.065134 -0.503974 -0.850848 0.133503
2161280962702476 0.074576 -0.487815 -0.855267 0.158089
2161281102702541 0.081588 -0.467643 -0.861749 0.179001
2161281242702472 0.081866 -0.460562 -0.862659 0.192349
2161281382702470 0.062595 -0.475610 -0.859475 0.176573
2161281522702468 0.061322 -0.485864 -0.858485 0.152242
2161281662702432 0.070815 -0.488438 -0.859486 0.133025
2161281802702463 0.073671 -0.508320 -0.848582 0.126851
2161281942702461 0.072950 -0.497539 -0.850159 0.156077
2161282082702492 0.091718 -0.487864 -0.848976 0.181146
2161282222702423 0.105602 -0.486066 -0.843724 0.201780
2161282362702454 0.098781 -0.492327 -0.838610 0.211160
2161282502702418 0.079955 -0.486940 -0.850003 0.184362
2161282642702416 0.081097 -0.476890 -0.862127 0.150777
2161282782702448 0.089713 -0.483839 -0.860471 0.132060
2161282922702379 0.094277 -0.496431 -0.850395 0.146611
2161283062702343 0.101845 -0.476076 -0.853151 0.187383
2161283202702441 0.109245 -0.467669 -0.854157 0.199411
2161283342702439 0.111281 -0.483694 -0.842108 0.210971
2161283482702437 0.098213 -0.510337 -0.831314 0.197042
2161283622702468 0.094074 -0.504524 -0.839694 0.177534
2161283762702400 0.096996 -0.490106 -0.848943 0.172286
2161283902702365 0.091111 -0.498011 -0.845053 0.171950
2161284042702362 0.093599 -0.513207 -0.832327 0.187321
2161284182702360 0.097502 -0.498847 -0.833614 0.216173
2161284322702392 0.101118 -0.493648 -0.832163 0.231497
2161284462702390 0.102223 -0.497757 -0.830199 0.229253
2161284602702454 0.089361 -0.516973 -0.824330 0.212679
2161284742702418 0.094117 -0.509862 -0.834066 0.188451
2161284882702416 0.094631 -0.510442 -0.838196 0.167092
2161285022702414 0.090789 -0.516938 -0.836085 0.159666
2161285162702445 0.097260 -0.512607 -0.837342 0.163192
2161285302702410 0.081688 -0.507370 -0.846706 0.137807
2161285442702375 0.054215 -0.509247 -0.854380 0.088101
2161285582702405 0.017413 -0.517991 -0.855001 0.018800
2161285722702436 0.034440 0.510735 0.855621 0.076644
2161285862702435 0.082371 0.495073 0.846242 0.178860
2161286002702466 0.133313 0.477417 0.825530 0.269815
2161286142702430 0.169967 0.468460 0.809289 0.310975
2161286282702327 0.181334 0.451157 0.810610 0.326320
2161286422702359 0.199425 0.437188 0.807083 0.343092
2161286562702323 0.218762 0.440218 0.792981 0.359903
2161286702702287 0.242360 0.446393 0.774704 0.376599
2161286842702386 0.248381 0.427390 0.763849 0.414942
2161286982702351 0.265715 0.408530 0.748902 0.449046
2161287122702348 0.281478 0.405179 0.729473 0.473781
2161287262702380 0.291635 0.408569 0.724207 0.472804
2161287402702377 0.277191 0.400078 0.740871 0.462830
2161287542702342 0.271487 0.403407 0.747195 0.453052
2161287682702339 0.273451 0.411532 0.752495 0.435449
2161287822702371 0.270795 0.417757 0.747456 0.439838
2161287962702269 0.270532 0.405518 0.741578 0.460898
2161288102702300 0.279253 0.390443 0.732272 0.483061
2161288242702331 0.286925 0.396010 0.718983 0.493875
2161288382702296 0.296463 0.410131 0.716639 0.479927
2161288522702395 0.286637 0.407304 0.729435 0.468899
2161288662702393 0.281775 0.397554 0.742549 0.459536
2161288802702357 0.286925 0.401577 0.743875 0.450619
2161288942702322 0.298312 0.403351 0.736111 0.454374
2161289082702287 0.300216 0.388752 0.726932 0.479906
2161289222702318 0.289276 0.383327 0.722167 0.497848
2161289362702350 0.303193 0.401411 0.710587 0.491943
2161289502702382 0.318918 0.417401 0.712655 0.464961
2161289642702346 0.311702 0.418776 0.723471 0.451725
2161289782702310 0.297180 0.413853 0.732038 0.452248
2161289922702341 0.294034 0.418708 0.740308 0.436084
2161290062702339 0.302162 0.411722 0.732496 0.450145
2161290202702303 0.296942 0.401667 0.722883 0.477417
2161290342702301 0.289063 0.404918 0.717819 0.487050
2161290482702266 0.300281 0.416079 0.720370 0.466664
2161290622702297 0.288816 0.413964 0.735844 0.451388
2161290762702327 0.283076 0.421321 0.740452 0.440550
2161290902702359 0.287148 0.430016 0.737402 0.434590
2161291042702391 0.301199 0.426717 0.726373 0.446736
2161291182702355 0.303916 0.407825 0.711383 0.485023
2161291322702286 0.301344 0.404444 0.701704 0.503217
2161291462702284 0.303345 0.409062 0.697904 0.503565
2161291602702215 0.310727 0.420942 0.703648 0.480764
2161291742702347 0.294765 0.415991 0.727297 0.459458
2161291882702412 0.289944 0.404619 0.745201 0.443722
2161292022702377 0.305799 0.399714 0.738258 0.449098
2161292162816249 0.332541 0.399795 0.711407 0.472735
2161292302816179 0.325314 0.398741 0.698034 0.497918
2161292442816143 0.309136 0.401459 0.699551 0.503877
2161292582816175 0.304325 0.407578 0.706829 0.491585
2161292722816106 0.299326 0.415555 0.723218 0.463327
2161292862816104 0.288350 0.412250 0.745516 0.437160
2161293002816035 0.290536 0.417853 0.750971 0.420748
2161293142816100 0.299371 0.421900 0.745191 0.420792
2161293282816064 0.291843 0.412197 0.731466 0.458123
2161293422816062 0.296019 0.392715 0.721332 0.487674
2161293562816161 0.302579 0.394825 0.708223 0.500977
2161293702816092 0.306655 0.408538 0.707690 0.488090
2161293842816056 0.292727 0.406850 0.731487 0.462287
2161293982816088 0.285510 0.408531 0.737850 0.455150
2161294122816052 0.276929 0.419468 0.747707 0.433924
2161294262816050 0.297954 0.427574 0.729458 0.443050
2161294402816081 0.298542 0.414944 0.704347 0.492531
2161294542816113 0.306948 0.406893 0.676971 0.530970
2161294682816078 0.328493 0.404754 0.640435 0.564010
2161294822816075 0.337576 0.407743 0.628704 0.569664
2161294962816106 0.347746 0.382901 0.625206 0.584444
2161295102816071 0.370028 0.365603 0.595904 0.611809
2161295242816069 0.402483 0.347131 0.551527 0.642903
2161295382816067 0.440591 0.315742 0.485841 0.685671
2161295522816031 0.454666 0.267064 0.416502 0.740594
2161295662816029 0.456423 0.216686 0.348058 0.789671
2161295802816027 0.473448 0.190321 0.291148 0.809231
2161295942816092 0.464467 0.187460 0.290380 0.815357
2161296082816124 0.467118 0.164086 0.284656 0.820881
2161296222816089 0.481580 0.145627 0.260826 0.823918
2161296362816053 0.492383 0.119725 0.247138 0.825921
2161296502816051 0.478172 0.120585 0.212364 0.843630
2161296642816049 0.479842 0.108847 0.186705 0.850320
2161296782816080 0.493941 0.099952 0.176993 0.845402
2161296922816078 0.506969 0.097368 0.188098 0.835535
2161297062816109 0.486556 0.104681 0.211916 0.841068
2161297202816107 0.470149 0.103907 0.236737 0.843871
2161297342816071 0.483449 0.109047 0.242053 0.834143
2161297482816068 0.511608 0.095080 0.226945 0.823232
2161297622816067 0.508352 0.093929 0.202842 0.831630
2161297762816032 0.487950 0.092399 0.188066 0.847347
2161297902815996 0.495730 0.091990 0.176112 0.845442
2161298042815994 0.503819 0.098565 0.196419 0.835386
2161298182816025 0.493898 0.103114 0.221431 0.834505
2161298322815990 0.493516 0.107541 0.225886 0.832977
2161298462816021 0.500498 0.104905 0.227715 0.828638
2161298602816086 0.506522 0.093039 0.209047 0.831310
2161298742815984 0.486318 0.094431 0.195617 0.846351
2161298882815982 0.503209 0.099004 0.166808 0.842112
2161299022816013 0.514738 0.103844 0.179737 0.831838
2161299162815944 0.508840 0.106627 0.206534 0.828888
2161299302816009 0.495799 0.110749 0.216162 0.833781
2161299442816007 0.498173 0.110390 0.228008 0.829246
2161299582816071 0.507831 0.108574 0.223382 0.824875
2161299722816036 0.503140 0.103258 0.195411 0.835465
2161299862816067 0.490109 0.098111 0.184764 0.846185
2161300002816031 0.495384 0.096902 0.183249 0.843577
2161300142816029 0.505674 0.105466 0.208624 0.830448
2161300282815995 0.497271 0.108750 0.229423 0.829614
2161300422815926 0.490399 0.112432 0.237064 0.831064
2161300562815890 0.501334 0.113965 0.240957 0.823174
2161300702815955 0.511753 0.106899 0.225693 0.822036
2161300842815986 0.489507 0.106472 0.208789 0.839912
2161300982815984 0.490514 0.107754 0.194738 0.842532
2161301122816015 0.503738 0.109716 0.201969 0.832717
2161301262815980 0.490897 0.107508 0.225808 0.834548
2161301402815945 0.481550 0.105746 0.230217 0.839003
2161301542815942 0.494164 0.100729 0.229418 0.832480
2161301682816007 0.512703 0.108688 0.219923 0.822773
2161301822816039 0.498961 0.112237 0.197888 0.836229
2161301962816037 0.483101 0.103120 0.192143 0.847973
2161302102816101 0.488302 0.111050 0.196643 0.842947
2161302242816065 0.498012 0.113032 0.204705 0.835046
2161302382815995 0.504261 0.112163 0.212903 0.829344
2161302522815993 0.495653 0.103999 0.221092 0.833444
2161302662816024 0.509280 0.108933 0.220915 0.824598
2161302802815956 0.521367 0.101924 0.213231 0.819951
2161302942815921 0.509497 0.097500 0.197873 0.831716
2161303082815918 0.497318 0.098090 0.182768 0.842406
2161303222815949 0.502819 0.097532 0.181119 0.839556
2161303362815981 0.508528 0.089886 0.205176 0.831397
2161303502816012 0.502710 0.094899 0.225212 0.829190
2161303642816010 0.508966 0.095398 0.226442 0.824970
2161303782815908 0.515004 0.097756 0.228077 0.820484
2161303922815973 0.507780 0.089920 0.211919 0.830158
2161304062815937 0.499546 0.087828 0.194182 0.839662
2161304202815901 0.502907 0.097641 0.179493 0.839841
2161304342816000 0.511463 0.094002 0.181838 0.834567
2161304482815931 0.515036 0.095628 0.209638 0.825617
2161304622815928 0.515474 0.089899 0.213901 0.824894
2161304762815960 0.522403 0.079581 0.210790 0.822391
2161304902815957 0.529665 0.077104 0.194686 0.821953
2161305042815922 0.529147 0.059903 0.133696 0.835787
2161305182815919 0.525016 0.029195 0.067955 0.847872
2161305322815984 0.519423 -0.007524 -0.018581 0.854282
2161305462815915 0.513388 -0.028543 -0.075794 0.854325
2161305602815946 0.509443 -0.059059 -0.104888 0.852043
2161305742816043 0.499611 -0.095135 -0.158313 0.846330
2161305882815975 0.495483 -0.130709 -0.218420 0.830484
2161306022816040 0.483580 -0.152733 -0.268174 0.819087
2161306162816038 0.456841 -0.172744 -0.321895 0.811072
2161306302815935 0.458074 -0.207132 -0.367521 0.782426
2161306442815933 0.461175 -0.223987 -0.399365 0.760035
2161306582815931 0.457629 -0.237949 -0.407779 0.753439
2161306722815962 0.451548 -0.232752 -0.402532 0.761510
2161306862815994 0.444029 -0.239827 -0.402228 0.763892
2161307002816025 0.446253 -0.249428 -0.410235 0.755215
2161307142816022 0.446116 -0.259620 -0.416593 0.748349
2161307282815952 0.433531 -0.266952 -0.434559 0.742929
2161307422815983 0.426470 -0.265024 -0.453655 0.736261
2161307562815948 0.429153 -0.274399 -0.462193 0.725885
2161307702815879 0.435801 -0.284243 -0.451617 0.724792
2161307842815877 0.432464 -0.272388 -0.440671 0.737962
2161307982815842 0.423527 -0.273831 -0.426220 0.750984
2161308122815840 0.425100 -0.278833 -0.428179 0.747130
2161308262815837 0.436709 -0.288291 -0.439061 0.730341
2161308402815869 0.424332 -0.296251 -0.455717 0.724222
2161308542815901 0.419950 -0.290609 -0.468298 0.721030
2161308682815865 0.423798 -0.301223 -0.473862 0.710713
2161308822815863 0.431722 -0.303841 -0.458693 0.714770
2161308962815861 0.429488 -0.291519 -0.442664 0.731166
2161309102815792 0.420918 -0.274992 -0.439398 0.744403
2161309242815823 0.420667 -0.281953 -0.433326 0.745499
2161309382815888 0.425295 -0.293075 -0.444965 0.731598
2161309522815853 0.413954 -0.292975 -0.467420 0.724102
2161309662815851 0.418950 -0.281458 -0.476045 0.720168
2161309802815882 0.428196 -0.290670 -0.464958 0.718312
2161309942815846 0.417044 -0.275905 -0.445113 0.742848
2161310082815878 0.412087 -0.259034 -0.436210 0.756838
2161310222815842 0.417087 -0.262569 -0.422692 0.760543
2161310362815840 0.430433 -0.274025 -0.417115 0.752098
2161310502815771 0.424751 -0.280354 -0.439244 0.740305
2161310642815836 0.420760 -0.268392 -0.456867 0.736341
2161310782815800 0.420893 -0.272892 -0.464424 0.729854
2161310922815798 0.432346 -0.279447 -0.448543 0.730612
2161311062815897 0.428730 -0.277233 -0.439428 0.739076
2161311202815828 0.417623 -0.272336 -0.434431 0.750128
2161311342815792 0.423368 -0.267296 -0.431283 0.750537
2161311482815824 0.418916 -0.275360 -0.454186 0.736478
2161311622815788 0.421244 -0.272622 -0.464703 0.729576
2161311762815786 0.430608 -0.266027 -0.474060 0.720466
2161311902815817 0.436037 -0.278436 -0.466808 0.717240
2161312042815849 0.431740 -0.267050 -0.452034 0.733450
2161312182815847 0.423518 -0.260006 -0.437219 0.749578
2161312322815844 0.427003 -0.264484 -0.437325 0.745964
2161312462815875 0.433003 -0.276626 -0.434035 0.739999
2161312602815840 0.428568 -0.274191 -0.455341 0.730624
2161312742815805 0.422527 -0.262277 -0.467231 0.731010
2161312882913892 0.427981 -0.274938 -0.454736 0.731064
2161313022913856 0.433296 -0.283739 -0.432705 0.737910
2161313162913887 0.434438 -0.273265 -0.422682 0.746946
2161313302913885 0.424688 -0.265632 -0.416896 0.758469
2161313442913950 0.428396 -0.274216 -0.429292 0.746317
2161313582913982 0.425985 -0.294027 -0.467208 0.716798
2161313722913913 0.414194 -0.302871 -0.507291 0.692363
2161313862913910 0.400453 -0.313647 -0.541750 0.669155
2161314002913908 0.395907 -0.333242 -0.561980 0.645278
2161314142913873 0.395004 -0.343009 -0.578032 0.626254
2161314282913972 0.368462 -0.366208 -0.613087 0.595188
2161314422913936 0.343528 -0.390055 -0.649621 0.554830
2161314562913934 0.308293 -0.423468 -0.689141 0.500712
2161314702913966 0.275224 -0.448959 -0.727316 0.440110
2161314842913863 0.231197 -0.461721 -0.770900 0.372927
2161314982913860 0.207472 -0.466083 -0.800860 0.313598
2161315122913892 0.185536 -0.479283 -0.811878 0.276978
2161315262913890 0.173416 -0.472199 -0.818156 0.278520
2161315402913887 0.156160 -0.468770 -0.823077 0.280021
2161315542913885 0.134652 -0.483804 -0.823776 0.263047
2161315682913916 0.135619 -0.504873 -0.817222 0.242605
2161315822913881 0.123492 -0.503337 -0.829710 0.207320
2161315962913879 0.108647 -0.493659 -0.842722 0.185241
2161316102913944 0.096695 -0.493088 -0.847668 0.170211
2161316242913842 0.097753 -0.503264 -0.841106 0.172362
2161316382913840 0.109687 -0.510548 -0.834861 0.174110
2161316522913838 0.114327 -0.490224 -0.840602 0.199991
2161316662913769 0.105093 -0.489525 -0.842345 0.199436
2161316802913834 0.087551 -0.503595 -0.839507 0.184265
2161316942913832 0.068180 -0.503927 -0.844891 0.166034
2161317082913863 0.085721 -0.506492 -0.843330 0.157830
2161317222913828 0.083074 -0.510645 -0.841906 0.153405
2161317362913859 0.096790 -0.523036 -0.832491 0.154990
2161317502913823 0.091371 -0.507292 -0.835734 0.189348
2161317642913821 0.085362 -0.505456 -0.834716 0.201185
2161317782913853 0.078297 -0.518608 -0.826681 0.203746
2161317922913784 0.076561 -0.533964 -0.820086 0.190996
2161318062913748 0.074511 -0.518975 -0.831353 0.184291
2161318202913813 0.087597 -0.509550 -0.838777 0.170696
2161318342913811 0.086739 -0.513382 -0.838260 0.161968
2161318482913809 0.080153 -0.513770 -0.840460 0.152451
2161318622913840 0.093444 -0.504879 -0.840476 0.173100
2161318762913805 0.087592 -0.495604 -0.844633 0.182478
2161318902913770 0.080716 -0.515680 -0.833703 0.180271
2161319042913767 0.064890 -0.516974 -0.837004 0.167185
2161319182913766 0.080379 -0.521872 -0.836943 0.143921
2161319322913832 0.083807 -0.510152 -0.842230 0.152870
2161319462913863 0.083818 -0.518980 -0.836285 0.155757
2161319602913894 0.091435 -0.490859 -0.848423 0.175712
2161319742913892 0.089483 -0.487586 -0.846293 0.195034
2161319882913823 0.101854 -0.473676 -0.847867 0.215351
2161320022913821 0.105903 -0.489896 -0.839840 0.208455
2161320162913819 0.107597 -0.483095 -0.846034 0.198161
2161320302913784 0.105791 -0.474392 -0.854401 0.183734
2161320442913749 0.094379 -0.491558 -0.847875 0.174842
2161320582913746 0.100997 -0.496565 -0.842066 0.184785
2161320722913777 0.098366 -0.476655 -0.849585 0.203292
2161320862913809 0.095843 -0.467179 -0.852146 0.215417
2161321002913840 0.100484 -0.475412 -0.846047 0.219291
2161321142913838 0.102178 -0.498337 -0.834580 0.211410
2161321282913736 0.101396 -0.486280 -0.846582 0.191176
2161321422913768 0.098326 -0.471243 -0.858798 0.175290
2161321562913732 0.094159 -0.473105 -0.858591 0.173569
2161321702913696 0.100685 -0.488825 -0.845350 0.190512
2161321842913795 0.113375 -0.479103 -0.844831 0.209440
2161321982913760 0.115332 -0.476172 -0.843866 0.218740
2161322122913757 0.111979 -0.481438 -0.842220 0.215271
2161322262913789 0.100340 -0.490676 -0.842089 0.200133
2161322402913786 0.098961 -0.465237 -0.860342 0.183228
2161322542913751 0.091281 -0.473986 -0.859480 0.168218
2161322682913748 0.094517 -0.494690 -0.846783 0.171188
2161322822913780 0.099908 -0.478033 -0.849905 0.197896
2161322962913678 0.107730 -0.464387 -0.853060 0.212194
2161323102913709 0.111507 -0.472943 -0.845383 0.221849
2161323242913773 0.117912 -0.487717 -0.837208 0.217511
2161323382913738 0.110733 -0.478445 -0.846779 0.204431
2161323522913803 0.101276 -0.477804 -0.854079 0.178869
2161323662913834 0.095173 -0.495549 -0.846235 0.171051
2161323802913764 0.100909 -0.510603 -0.833998 0.183161
2161323942913762 0.102598 -0.486268 -0.843487 0.203829
2161324082913793 0.096665 -0.475040 -0.848265 0.213162
2161324222913824 0.104506 -0.498119 -0.831647 0.222075
2161324362913822 0.103320 -0.502071 -0.833604 0.205799
2161324502913853 0.102518 -0.489202 -0.845569 0.187571
2161324642913850 0.095111 -0.488861 -0.848248 0.180116
2161324782913780 0.100649 -0.500142 -0.840996 0.180146
2161324922913811 0.097468 -0.493560 -0.841603 0.196474
2161325062913776 0.106213 -0.479279 -0.846202 0.207246
2161325202913707 0.106767 -0.496895 -0.835947 0.207094
2161325342913705 0.105888 -0.512803 -0.828689 0.197720
2161325482913670 0.111463 -0.503560 -0.838174 0.177386
2161325622913668 0.111688 -0.490716 -0.848406 0.164101
2161325762913665 0.105945 -0.505758 -0.841607 0.157101
2161325902913697 0.114618 -0.513195 -0.833173 0.171215
2161326042913729 0.124527 -0.500060 -0.834793 0.193782
2161326182913693 0.115493 -0.492643 -0.838403 0.202590
2161326322913691 0.103109 -0.500961 -0.834923 0.203248
2161326462913689 0.099277 -0.501212 -0.836307 0.198798
2161326602913620 0.093489 -0.486829 -0.848184 0.186653
2161326742913651 0.091740 -0.497758 -0.844258 0.176202
2161326882913716 0.075862 -0.513044 -0.835055 0.183608
2161327022913681 0.078227 -0.494376 -0.840291 0.208287
2161327162913679 0.090347 -0.476706 -0.846482 0.219215
2161327302913710 0.100692 -0.495228 -0.834606 0.219183
2161327442913674 0.103986 -0.524390 -0.820318 0.203172
2161327582913706 0.099689 -0.508059 -0.835331 0.184818
2161327722913670 0.092536 -0.502082 -0.841213 0.178071
2161327862913701 0.089138 -0.510046 -0.837238 0.175895
2161328002913632 0.099670 -0.521748 -0.824711 0.194152
2161328142913796 0.105445 -0.503580 -0.828798 0.219958
2161328282913760 0.108621 -0.493506 -0.831271 0.231606
2161328422913792 0.110574 -0.502946 -0.823508 0.238015
2161328562913857 0.106629 -0.513083 -0.820309 0.229060
2161328702913754 0.102635 -0.493740 -0.836775 0.213293
2161328842913651 0.101487 -0.497703 -0.837766 0.200345
2161328982913683 0.104830 -0.509314 -0.830699 0.198865
2161329122913614 0.113514 -0.505666 -0.827121 0.217456
2161329262913680 0.112368 -0.486796 -0.833191 0.237053
2161329402913711 0.107883 -0.493276 -0.829364 0.239152
2161329542913776 0.107156 -0.513054 -0.820331 0.228798
2161329682913741 0.116859 -0.497504 -0.829644 0.224773
2161329822913671 0.102520 -0.485326 -0.842721 0.209208
2161329962913702 0.104281 -0.504352 -0.834928 0.194029
2161330102913634 0.108960 -0.526082 -0.820632 0.194747
2161330242913665 0.111418 -0.510066 -0.826229 0.211573
2161330382913663 0.103192 -0.493944 -0.834496 0.221327
2161330522913627 0.103562 -0.504747 -0.826608 0.226325
2161330662913658 0.109057 -0.527802 -0.814340 0.215361
2161330802913656 0.100668 -0.517903 -0.826412 0.196682
2161330942913654 0.100732 -0.502269 -0.837059 0.192118
2161331082913686 0.103127 -0.514691 -0.828811 0.193725
2161331222913617 0.112981 -0.529847 -0.813257 0.212387
2161331362913581 0.108632 -0.521672 -0.814754 0.228543
2161331502913579 0.107712 -0.518859 -0.815895 0.231294
2161331642913577 0.109374 -0.523662 -0.812481 0.231710
2161331782913608 0.106368 -0.524282 -0.814276 0.225315
2161331922913606 0.103646 -0.511229 -0.826537 0.211513
2161332062913604 0.109405 -0.507212 -0.830485 0.202630
2161332202913636 0.110173 -0.513963 -0.824100 0.211096
2161332342913600 0.109224 -0.510004 -0.824381 0.219909
2161332482913597 0.101632 -0.501720 -0.827732 0.229796
2161332622913629 0.102888 -0.507064 -0.826259 0.222699
2161332762913594 0.111130 -0.515461 -0.822035 0.214959
2161332902913558 0.104897 -0.512586 -0.827046 0.205538
2161333042913556 0.100679 -0.498209 -0.841272 0.184147
2161333182913620 0.091346 -0.510950 -0.837227 0.172152
2161333322913585 0.093685 -0.531059 -0.823642 0.175533
2161333462913650 0.098005 -0.524074 -0.824271 0.190571
2161333603001132 0.094030 -0.505355 -0.832353 0.207272
2161333743000997 0.097555 -0.521811 -0.821836 0.206835
2161333883001028 0.098277 -0.538339 -0.814003 0.194756
2161334023001026 0.091242 -0.518042 -0.830771 0.182002
2161334163001024 0.089639 -0.502209 -0.842506 0.173011
2161334303001123 0.092696 -0.516157 -0.832958 0.176546
2161334443001087 0.102537 -0.522153 -0.823870 0.195137
2161334583001184 0.103886 -0.503317 -0.831242 0.211931
2161334723001115 0.098317 -0.506132 -0.832146 0.204196
2161334863001079 0.097912 -0.512817 -0.830273 0.195131
2161335003001043 0.094737 -0.510103 -0.834379 0.186091
2161335143001008 0.092471 -0.499875 -0.843502 0.173428
2161335283001040 0.095684 -0.506890 -0.839420 0.171116
2161335423001004 0.091690 -0.519852 -0.829745 0.181298
2161335563000968 0.089252 -0.509751 -0.832098 0.199499
2161335703001033 0.087005 -0.503396 -0.834063 0.208228
2161335843000998 0.093070 -0.506280 -0.830037 0.214608
2161335983000996 0.100253 -0.517858 -0.822479 0.212836
2161336123001027 0.096645 -0.511362 -0.829810 0.201450
2161336263001025 0.095743 -0.504709 -0.836580 0.190354
2161336403000990 0.099075 -0.513565 -0.831717 0.186227
2161336543000954 0.103790 -0.525450 -0.823032 0.189070
2161336683000986 0.103563 -0.519688 -0.826703 0.189102
2161336823000984 0.087748 -0.510835 -0.839555 0.162766
2161336963000982 0.077046 -0.519165 -0.843594 0.113484
2161337103001013 0.033646 -0.537268 -0.841890 0.037825
2161337243001011 0.025169 0.528511 0.845810 0.068174
2161337383000941 0.077541 0.506119 0.842032 0.169742
2161337523000939 0.116920 0.506225 0.817591 0.248212
2161337663000970 0.148068 0.504061 0.802544 0.282700
2161337803000935 0.178902 0.479535 0.798001 0.318171
2161337943000900 0.209026 0.461092 0.783644 0.360003
2161338083000897 0.231218 0.460469 0.768414 0.379534
2161338223000895 0.256641 0.458860 0.746502 0.407819
2161338363000927 0.269146 0.433957 0.738769 0.439840
2161338503000958 0.265682 0.434816 0.729482 0.456292
2161338643000956 0.279733 0.446939 0.721969 0.448056
2161338783000887 0.280677 0.448988 0.729228 0.433422
2161338923000919 0.277221 0.441534 0.740697 0.423747
2161339063000883 0.276638 0.442754 0.742642 0.419429
2161339203000881 0.285441 0.443294 0.741008 0.415835
2161339343000980 0.270278 0.429765 0.741492 0.438680
2161339483000945 0.260483 0.433691 0.737568 0.447273
2161339623000942 0.269812 0.442433 0.721987 0.458462
2161339763000940 0.288995 0.441825 0.721200 0.448488
2161339903000937 0.273797 0.429876 0.736330 0.445038
2161340043000902 0.259703 0.417661 0.753225 0.436765
2161340183000899 0.265562 0.431078 0.751411 0.423117
2161340323000931 0.282159 0.440390 0.738316 0.425829
2161340463000862 0.269053 0.423567 0.737842 0.451429
2161340603000893 0.260258 0.426901 0.732198 0.462499
2161340743000924 0.267561 0.435461 0.726763 0.458909
2161340883000889 0.273621 0.446836 0.730859 0.437392
2161341023000920 0.254604 0.432120 0.753012 0.425934
2161341163000918 0.257916 0.426993 0.757613 0.420924
2161341303000882 0.265918 0.438837 0.751858 0.414027
2161341443000847 0.275359 0.438904 0.738813 0.430923
2161341583000845 0.271161 0.428770 0.734381 0.450901
2161341723000842 0.275488 0.434011 0.728680 0.452509
2161341863000874 0.283028 0.447295 0.724249 0.441909
2161342023000872 0.265595 0.444608 0.744383 0.421515
2161342163000870 0.253799 0.429930 0.760297 0.415564
2161342303000901 0.249435 0.434151 0.764902 0.405238
2161342443000865 0.262619 0.454811 0.747780 0.406204
2161342583000897 0.259736 0.443457 0.744660 0.425866
2161342723000861 0.249313 0.433000 0.742266 0.446535
2161342863000892 0.266179 0.431864 0.737185 0.446318
2161343003000823 0.268669 0.442470 0.741576 0.426734
2161343143000888 0.258367 0.428256 0.758173 0.418349
2161343283000852 0.259355 0.421607 0.762892 0.415905
2161343423000851 0.260886 0.432560 0.764332 0.400781
2161343563000950 0.265381 0.434135 0.749611 0.423298
2161343703000881 0.262932 0.420065 0.746674 0.443721
2161343843000845 0.266237 0.426832 0.736960 0.451464
2161343983000877 0.272219 0.437990 0.734272 0.441479
2161344123000808 0.263257 0.437646 0.752124 0.416496
2161344263000840 0.250132 0.429477 0.770723 0.398708
2161344403000871 0.260867 0.437059 0.763752 0.397000
2161344543000903 0.272274 0.451560 0.750330 0.398703
2161344683000901 0.266741 0.434732 0.749172 0.422607
2161344823000865 0.260489 0.429838 0.745976 0.436924
2161344963000896 0.270148 0.437433 0.735739 0.440861
2161345103000861 0.274622 0.452748 0.734966 0.423585
2161345243000859 0.259657 0.442108 0.753877 0.410835
2161345383000857 0.252109 0.431435 0.766016 0.404379
2161345523000821 0.259141 0.439215 0.758802 0.405158
2161345663000819 0.285967 0.449652 0.739832 0.410709
2161345803000817 0.275021 0.439725 0.734403 0.437785
2161345943000815 0.272135 0.433752 0.726038 0.458985
2161346083000847 0.277694 0.436593 0.711432 0.475537
2161346223000812 0.293286 0.448505 0.696422 0.477306
2161346363000776 0.301770 0.439922 0.684564 0.496763
2161346503000774 0.324688 0.404295 0.664332 0.538317
2161346643000772 0.348194 0.385541 0.616291 0.591863
2161346783000803 0.393049 0.355259 0.555172 0.641159
2161346923000801 0.417105 0.302366 0.482996 0.708034
2161347063000832 0.431210 0.256630 0.408816 0.762277
2161347203000864 0.452472 0.227960 0.353656 0.786275
2161347343000828 0.464750 0.216780 0.345605 0.785855
2161347483000825 0.459432 0.194163 0.334619 0.799532
2161347623000824 0.467626 0.179055 0.315415 0.806088
2161347763000822 0.477863 0.166376 0.295205 0.810443
2161347903000819 0.488748 0.151100 0.268876 0.816087
2161348043000817 0.473126 0.133829 0.245559 0.835429
2161348183000881 0.483067 0.130034 0.227419 0.835474
2161348323000846 0.499862 0.115626 0.230531 0.826815
2161348463000844 0.484091 0.118149 0.252979 0.829275
2161348603000909 0.485152 0.115296 0.251836 0.829404
2161348743000773 0.496061 0.122042 0.253561 0.821422
2161348883000771 0.514648 0.123650 0.259321 0.807836
2161349023000769 0.487078 0.122961 0.248571 0.828159
2161349163000734 0.473099 0.122868 0.239741 0.838811
2161349303000799 0.488823 0.114583 0.226912 0.834525
2161349443000797 0.511453 0.120096 0.231610 0.818748
2161349583000828 0.494422 0.125576 0.254774 0.821502
2161349723000793 0.474409 0.126902 0.264348 0.830030
2161349863000790 0.478772 0.121565 0.264415 0.828301
2161350003000754 0.503774 0.121096 0.251220 0.817579
2161350143000719 0.505009 0.115768 0.232275 0.823171
2161350283000751 0.492365 0.122414 0.219139 0.833408
2161350423000682 0.508553 0.117248 0.215844 0.825249
2161350563000646 0.527416 0.120995 0.229312 0.809078
2161350703000745 0.514621 0.125870 0.246411 0.811543
2161350843000743 0.503798 0.125204 0.254028 0.816076
2161350983000741 0.512298 0.124327 0.241064 0.814850
2161351123000772 0.505752 0.116849 0.233571 0.822195
2161351263000737 0.498212 0.110602 0.223561 0.830404
2161351403000702 0.496494 0.120484 0.213771 0.832633
2161351543000699 0.505517 0.127278 0.215993 0.825590
2161351683000697 0.496975 0.127882 0.229750 0.826967
2161351823000729 0.488705 0.119028 0.239090 0.830563
2161351963000727 0.503222 0.121076 0.236451 0.822312
2161352103000758 0.506818 0.130881 0.235139 0.818971
2161352243000756 0.496725 0.113621 0.223894 0.830797
2161352383000720 0.487649 0.111409 0.217994 0.838012
2161352523000718 0.500200 0.109624 0.206190 0.833827
2161352663000749 0.514865 0.092972 0.208178 0.826396
2161352803000714 0.492831 0.100022 0.221983 0.835365
2161352943000679 0.475301 0.097752 0.240039 0.840781
2161353083000676 0.488747 0.110113 0.249951 0.828568
2161353223000674 0.517887 0.108072 0.235175 0.815355
2161353363000706 0.511490 0.107106 0.216741 0.824578
2161353503000737 0.496520 0.109749 0.210146 0.835021
2161353643000735 0.505036 0.116030 0.208165 0.829543
2161353783000666 0.505489 0.118684 0.225626 0.824310
2161353923000665 0.496666 0.118191 0.234277 0.827325
2161354063000629 0.487334 0.112086 0.246490 0.830171
2161354203101249 0.495515 0.119560 0.238580 0.826589
2161354343101348 0.503444 0.129718 0.221094 0.825126
2161354483101313 0.487041 0.109907 0.210157 0.840562
2161354623101344 0.491237 0.109920 0.195619 0.841627
2161354763101376 0.494823 0.117657 0.197946 0.837928
2161354903101373 0.483709 0.119199 0.224595 0.837480
2161355043101338 0.475501 0.113686 0.232599 0.840755
2161355183101335 0.490804 0.104371 0.232847 0.833066
2161355323101367 0.504904 0.112437 0.234292 0.823126
2161355463101265 0.498860 0.107117 0.214729 0.832799
2161355603101296 0.487075 0.108098 0.204922 0.842068
2161355743101393 0.497418 0.110202 0.197405 0.837532
2161355883101358 0.513281 0.117674 0.205103 0.825001
2161356023101423 0.500795 0.119841 0.221843 0.828026
2161356163101421 0.493237 0.113255 0.229398 0.831424
2161356303101318 0.500812 0.115800 0.235697 0.824756
2161356443101283 0.513155 0.113038 0.229403 0.819309
2161356583101281 0.503598 0.102602 0.199331 0.834342
2161356723101312 0.494131 0.100808 0.180301 0.844489
2161356863101311 0.499147 0.098972 0.170349 0.843822
2161357003101376 0.511796 0.104141 0.193290 0.830576
2161357143101373 0.501426 0.106618 0.208413 0.832927
2161357283101337 0.486487 0.102625 0.213744 0.840898
2161357423101402 0.498643 0.098483 0.214065 0.834165
2161357563101367 0.513638 0.097880 0.190904 0.830752
2161357703101298 0.506927 0.092340 0.166742 0.840651
2161357843101296 0.503954 0.098045 0.156048 0.843840
2161357983101261 0.506896 0.095059 0.127691 0.847180
2161358123101292 0.502641 0.084986 0.096039 0.854929
2161358263101289 0.492176 0.058369 0.046096 0.867312
2161358403101321 0.498483 0.009318 -0.037000 0.866059
2161358543101353 0.501066 -0.039045 -0.120588 0.856076
2161358683101317 0.494674 -0.079632 -0.203517 0.841151
2161358823101281 0.460514 -0.135087 -0.285777 0.829463
2161358963101279 0.436919 -0.177373 -0.376601 0.797377
2161359103101210 0.434559 -0.201815 -0.421164 0.770096
2161359243101275 0.420939 -0.209002 -0.432132 0.769668
2161359383101340 0.412149 -0.215650 -0.437592 0.769507
2161359523101305 0.401282 -0.237683 -0.447769 0.762877
2161359663101303 0.404966 -0.254209 -0.458234 0.749267
2161359803101300 0.392474 -0.263232 -0.475587 0.741949
2161359943101264 0.381829 -0.263085 -0.495216 0.734679
2161360083101296 0.392153 -0.270738 -0.502817 0.721173
2161360223101260 0.398688 -0.278937 -0.495656 0.719420
2161360363101258 0.400225 -0.267367 -0.482977 0.731483
2161360503101189 0.389524 -0.257706 -0.465741 0.751626
2161360643101287 0.397637 -0.270065 -0.457201 0.748275
2161360783101251 0.412679 -0.273147 -0.449172 0.743861
2161360922934750 0.402847 -0.264077 -0.465088 0.742744
2161361062934849 0.390210 -0.264848 -0.486065 0.735752
2161361202934746 0.399847 -0.271331 -0.483628 0.729797
2161361342934710 0.410854 -0.273102 -0.469226 0.732420
2161361483101276 0.406676 -0.262622 -0.453508 0.748313
2161361623101240 0.398213 -0.260101 -0.443545 0.759631
2161361763101238 0.413377 -0.265124 -0.435484 0.754441
2161361903101269 0.424637 -0.280582 -0.439191 0.740315
2161362043101301 0.413804 -0.269567 -0.456353 0.740162
2161362183101232 0.413073 -0.257834 -0.460203 0.742364
2161362323101229 0.420839 -0.263379 -0.458868 0.736861
2161362463101260 0.419963 -0.268995 -0.440278 0.746610
2161362603101225 0.406820 -0.257384 -0.434230 0.761376
2161362743101223 0.409869 -0.259383 -0.431820 0.760432
2161362883101221 0.424866 -0.259101 -0.437944 0.748705
2161363023101185 0.418502 -0.260813 -0.452822 0.742821
2161363163101183 0.401449 -0.255076 -0.464573 0.746957
2161363303101181 0.410540 -0.263910 -0.468979 0.736115
2161363443101212 0.418023 -0.266283 -0.456541 0.738863
2161363583101244 0.413115 -0.252956 -0.443980 0.753810
2161363723101209 0.404983 -0.248549 -0.429532 0.767927
2161363863101173 0.415946 -0.248784 -0.417473 0.768642
2161364003101171 0.432383 -0.265956 -0.420575 0.751949
2161364143199237 0.426711 -0.251439 -0.445426 0.745848
2161364283199302 0.410529 -0.235954 -0.452877 0.755442
2161364423199300 0.415220 -0.236377 -0.447503 0.755948
2161364563199331 0.431053 -0.239123 -0.420796 0.761539
2161364703199329 0.422380 -0.228647 -0.411703 0.774477
2161364843199259 0.412284 -0.228551 -0.401185 0.785389
2161364983199256 0.416597 -0.230170 -0.388728 0.788896
2161365123199255 0.413796 -0.229894 -0.409963 0.779647
2161365263199220 0.408112 -0.233100 -0.427340 0.772326
2161365403199184 0.413449 -0.232588 -0.436974 0.764209
2161365543199215 0.416905 -0.239270 -0.437263 0.760092
2161365683199246 0.410852 -0.236128 -0.425173 0.771149
2161365823199211 0.409670 -0.231150 -0.412795 0.779961
2161365963199242 0.419618 -0.237793 -0.398932 0.779889
2161366103199307 0.430236 -0.245185 -0.397506 0.772508
2161366243199171 0.419247 -0.238068 -0.420633 0.768519
2161366383199169 0.406095 -0.249140 -0.446193 0.757579
2161366523199200 0.415208 -0.256019 -0.455955 0.744419
2161366663199131 0.430068 -0.258788 -0.446451 0.740777
2161366803199196 0.423624 -0.252110 -0.432830 0.754744
2161366943199194 0.411923 -0.250635 -0.428750 0.763985
2161367083199258 0.417077 -0.260941 -0.447121 0.747019
2161367223199223 0.417380 -0.295147 -0.485677 0.709083
2161367363199254 0.386944 -0.306259 -0.555252 0.669457
2161367503199218 0.354524 -0.322887 -0.618236 0.622767
2161367643199183 0.342267 -0.345060 -0.660710 0.572056
2161367783199215 0.338179 -0.366291 -0.674924 0.544005
2161367923199179 0.313108 -0.383037 -0.699072 0.516278
2161368063199176 0.272658 -0.392032 -0.736346 0.479334
2161368203199274 0.254261 -0.402889 -0.761511 0.439467
2161368343199272 0.231122 -0.441333 -0.777201 0.384403
2161368483199236 0.200974 -0.444459 -0.800785 0.347574
2161368623199267 0.176356 -0.456999 -0.822085 0.290214
2161368763199164 0.171031 -0.471860 -0.823552 0.264303
2161368903199129 0.150302 -0.472358 -0.825301 0.270488
2161369043199126 0.165520 -0.459419 -0.826868 0.278972
2161369183199158 0.160429 -0.458202 -0.825382 0.288194
2161369323199190 0.152175 -0.484006 -0.816249 0.276255
2161369463199188 0.144573 -0.495848 -0.816876 0.256797
2161369603199219 0.135143 -0.492082 -0.825491 0.241152
2161369743199217 0.122036 -0.497518 -0.830445 0.218960
2161369883199147 0.109199 -0.504035 -0.830218 0.211568
2161370023199145 0.106646 -0.489769 -0.834406 0.229168
2161370163199176 0.111299 -0.477274 -0.834176 0.252924
2161370303199141 0.107725 -0.480091 -0.828465 0.267493
2161370443199106 0.113978 -0.496690 -0.819307 0.262758
2161370583199103 0.112036 -0.484609 -0.833639 0.240099
2161370723199101 0.105478 -0.487634 -0.839554 0.215024
2161370863199133 0.105201 -0.491595 -0.838806 0.208976
2161371003199164 0.113579 -0.501169 -0.829974 0.216957
2161371143199162 0.116437 -0.482464 -0.834866 0.238050
2161371283199093 0.119508 -0.464408 -0.838904 0.257453
2161371423199125 0.118974 -0.463064 -0.836746 0.266968
2161371563199089 0.109158 -0.485038 -0.830125 0.252413
2161371703199053 0.101507 -0.476241 -0.843677 0.226051
2161371843199152 0.103626 -0.468268 -0.852187 0.209195
2161371983199117 0.101299 -0.463190 -0.855565 0.207847
2161372123199114 0.094220 -0.466248 -0.847425 0.235807
2161372263199146 0.118982 -0.442771 -0.851100 0.255781
2161372403199143 0.111013 -0.451229 -0.842923 0.271196
2161372543199108 0.111126 -0.472956 -0.831611 0.269044
2161372683199105 0.111975 -0.455575 -0.846726 0.250933
2161372823199137 0.109257 -0.443249 -0.858411 0.233929
2161372963199035 0.105959 -0.455011 -0.858761 0.210397
2161373103199066 0.107322 -0.464420 -0.852896 0.212985
2161373243199097 0.112178 -0.454221 -0.850584 0.240009
2161373383199062 0.122881 -0.438824 -0.850130 0.263839
2161373523199127 0.124975 -0.449786 -0.841295 0.272570
2161373663199125 0.127798 -0.472757 -0.832048 0.260505
2161373803199089 0.122526 -0.467505 -0.839216 0.249282
2161373943199054 0.107248 -0.468315 -0.845599 0.232679
2161374083199052 0.108702 -0.483444 -0.837535 0.230217
2161374223199083 0.111155 -0.489270 -0.828851 0.247513
2161374363199115 0.124231 -0.468288 -0.836435 0.256217
2161374503199180 0.122377 -0.466836 -0.831262 0.275844
2161374643199144 0.121018 -0.478368 -0.823982 0.278517
2161374783199108 0.117525 -0.487368 -0.827801 0.251801
2161374923199139 0.112429 -0.478929 -0.838807 0.233211
2161375063199104 0.113819 -0.487895 -0.837797 0.217023
2161375203199068 0.104130 -0.503032 -0.829854 0.217843
2161375343199099 0.106012 -0.493334 -0.831025 0.234049
2161375483199064 0.116504 -0.475352 -0.831911 0.261514
2161375623199095 0.124053 -0.480584 -0.824772 0.270924
2161375763199092 0.124705 -0.506812 -0.811495 0.262804
2161375903199091 0.119081 -0.491344 -0.827095 0.245587
2161376043199157 0.112478 -0.479725 -0.841029 0.223340
2161376183199087 0.114148 -0.493951 -0.835637 0.211406
2161376323199085 0.116744 -0.515310 -0.818531 0.225459
2161376463199083 0.124779 -0.496425 -0.824543 0.241080
2161376603199014 0.119482 -0.473097 -0.833116 0.260422
2161376743199045 0.123270 -0.472164 -0.832540 0.262185
2161376883199110 0.112865 -0.492167 -0.827053 0.247011
2161377023199075 0.100529 -0.485995 -0.837057 0.230298
2161377163199073 0.085938 -0.484595 -0.844726 0.210285
2161377303199070 0.078393 -0.496078 -0.838952 0.209567
2161377443199034 0.070329 -0.474075 -0.845321 0.236089
2161377583199066 0.085135 -0.460704 -0.847981 0.247853
2161377723199030 0.100621 -0.464555 -0.840023 0.261580
2161377863199028 0.110037 -0.475019 -0.830790 0.268393
2161378003198959 0.113781 -0.439633 -0.849841 0.267479
2161378143199057 0.103808 -0.448875 -0.854760 0.238996
2161378283199021 0.104876 -0.466587 -0.850796 0.217813
2161378423199019 0.102924 -0.483747 -0.837952 0.230717
2161378563199118 0.114455 -0.478743 -0.832179 0.255307
2161378703199049 0.118289 -0.463143 -0.838607 0.261235
2161378843198980 0.108081 -0.463808 -0.842797 0.250785
2161378983199012 0.097122 -0.482423 -0.847374 0.199476
2161379123198976 0.075504 -0.452617 -0.879622 0.125299
2161379263198974 0.037305 -0.451305 -0.890761 0.038407
2161379403199005 -0.013249 0.452250 0.890762 0.042845
2161379543199037 -0.007271 0.452673 0.888366 0.076402
2161379683199002 0.039111 0.445155 0.884969 0.130905
2161379823198999 0.077653 0.426922 0.879863 0.193769
2161379963199030 0.099751 0.419743 0.869518 0.240420
2161380103198995 0.130283 0.430752 0.846473 0.284536
2161380243199026 0.173121 0.401569 0.829377 0.347712
2161380383199057 0.175852 0.391550 0.806753 0.406095
2161380523199021 0.196264 0.406358 0.785345 0.423774
2161380663199085 0.215824 0.426841 0.776673 0.409882
2161380803199083 0.205255 0.422214 0.793586 0.387073
2161380943199081 0.205549 0.416622 0.799475 0.380807
2161381083199079 0.211120 0.420177 0.800753 0.371042
2161381223199010 0.226016 0.422534 0.790800 0.380809
2161381363198941 0.243994 0.418775 0.772093 0.411053
2161381503198939 0.248108 0.410104 0.765092 0.429988
2161381643198937 0.271428 0.412991 0.765562 0.411921
2161381783198968 0.271665 0.414027 0.773380 0.395805
2161381923198966 0.250556 0.408200 0.779767 0.403182
2161382063198964 0.233742 0.408178 0.785304 0.402557
2161382203198996 0.240777 0.414085 0.784518 0.393815
2161382343198960 0.248516 0.416067 0.769773 0.415423
2161382483198957 0.254047 0.413929 0.759362 0.433002
2161382623198989 0.240061 0.409781 0.756844 0.449039
2161382763198954 0.253177 0.404451 0.755378 0.449135
2161382903198918 0.261689 0.409994 0.757441 0.435552
2161383043198916 0.250891 0.407466 0.769685 0.422622
2161383183198980 0.252163 0.409086 0.774433 0.411479
2161383323198945 0.249858 0.409960 0.776586 0.407942
2161383463199010 0.247885 0.411986 0.766363 0.426035
2161383603199075 0.248790 0.400765 0.762357 0.443059
2161383743198940 0.242803 0.411699 0.754965 0.448973
2161383883198938 0.255886 0.423468 0.752615 0.434471
2161384023198936 0.242723 0.413596 0.768420 0.423736
2161384163198867 0.222696 0.406592 0.786313 0.408411
2161384303198932 0.213669 0.422451 0.786595 0.396418
2161384443198930 0.229478 0.426226 0.777749 0.400968
2161384583198961 0.227090 0.406931 0.776936 0.423327
2161384723285761 0.228746 0.402847 0.764117 0.448901
2161384863285792 0.240324 0.406557 0.755837 0.453503
2161385003285756 0.237679 0.412399 0.763344 0.436737
2161385143285754 0.230930 0.416098 0.773300 0.418975
2161385283285786 0.222038 0.405401 0.786161 0.410243
2161385423285717 0.232244 0.406439 0.784047 0.407601
2161385563285681 0.239896 0.416193 0.771531 0.417098
2161385703285779 0.247719 0.403048 0.761910 0.442356
2161385843285777 0.243429 0.407042 0.751992 0.457783
2161385983285809 0.241887 0.404257 0.755056 0.456022
2161386123285840 0.230007 0.393413 0.779028 0.430624
2161386263285738 0.218216 0.401401 0.787504 0.413636
2161386403285703 0.222657 0.403024 0.783913 0.416503
2161386543285667 0.228778 0.412150 0.776215 0.418667
2161386683285665 0.227562 0.410706 0.767380 0.436649
2161386823285764 0.233525 0.402105 0.757609 0.458044
2161386963285762 0.239286 0.409693 0.745732 0.467735
2161387103285793 0.247079 0.419799 0.744949 0.455818
2161387243285791 0.233940 0.419710 0.759527 0.438444
2161387383285722 0.233411 0.410981 0.769047 0.430324
2161387523285720 0.240812 0.410377 0.768548 0.427706
2161387663285751 0.245622 0.415894 0.761066 0.432988
2161387803285749 0.250897 0.406172 0.755324 0.448953
2161387943285714 0.251285 0.409716 0.744189 0.463864
2161388083285711 0.249393 0.415540 0.745145 0.458135
2161388223285742 0.237171 0.431299 0.766137 0.413236
2161388363285741 0.221059 0.419147 0.806867 0.352722
2161388503285772 0.192368 0.420161 0.838439 0.288924
2161388643285770 0.171615 0.436802 0.853483 0.226536
2161388783285668 0.160672 0.457126 0.855024 0.184805
2161388923285733 0.141532 0.452461 0.866077 0.158609
2161389063285697 0.090462 0.450860 0.882958 0.094475
2161389203285695 0.047026 0.464506 0.883504 0.037964
2161389343285794 -0.014734 -0.472496 -0.880653 0.031301
2161389483285758 0.026164 -0.478612 -0.871745 0.101515
2161389623285788 0.053588 -0.454569 -0.873920 0.163574
2161389763285786 0.073938 -0.460084 -0.862853 0.195805
2161389903285783 0.093287 -0.476097 -0.847328 0.216018
2161390043285748 0.091052 -0.471719 -0.851859 0.208628
2161390183285679 0.102510 -0.447164 -0.863992 0.207490
2161390323285711 0.109057 -0.451606 -0.862253 0.201687
2161390463285609 0.119321 -0.469017 -0.846449 0.222054
2161390603285673 0.124910 -0.457867 -0.843812 0.250471
2161390743285737 0.122282 -0.433601 -0.851318 0.268876
2161390883285702 0.129852 -0.441247 -0.843830 0.276384
2161391023285767 0.126153 -0.458338 -0.839598 0.262841
2161391163285731 0.122624 -0.456197 -0.848231 0.239477
2161391303285661 0.128428 -0.443996 -0.857651 0.225402
2161391443285626 0.124629 -0.447965 -0.853949 0.233592
2161391583285624 0.130908 -0.447470 -0.847148 0.254899
2161391723285621 0.128462 -0.439761 -0.846294 0.271832
2161391863285653 0.131223 -0.441574 -0.843804 0.275295
2161392003285685 0.132082 -0.454383 -0.838306 0.270799
2161392143285649 0.127085 -0.446392 -0.849135 0.252095
2161392283285647 0.112781 -0.445401 -0.855310 0.239463
2161392423285678 0.121790 -0.445152 -0.857876 0.225950
2161392563285676 0.129824 -0.455166 -0.850521 0.229307
2161392703285640 0.133014 -0.448196 -0.849272 0.245285
2161392843285638 0.126066 -0.433321 -0.854478 0.257304
2161392983285603 0.120854 -0.442025 -0.851430 0.255096
2161393123285601 0.122714 -0.453189 -0.846853 0.249800
2161393263285598 0.122269 -0.435131 -0.858933 0.240715
2161393403285630 0.123220 -0.448743 -0.854911 0.229289
2161393543285662 0.128303 -0.470000 -0.846875 0.213168
2161393683285626 0.124989 -0.481962 -0.840055 0.215399
2161393823285624 0.121540 -0.469903 -0.846336 0.219394
2161393963285622 0.114504 -0.457503 -0.849660 0.235913
2161394103285553 0.124122 -0.466123 -0.842132 0.241112
2161394243285551 0.134343 -0.484322 -0.831512 0.236579
2161394383285616 0.134727 -0.468349 -0.842747 0.228636
2161394523285581 0.122581 -0.458998 -0.853675 0.213384
2161394663285612 0.123383 -0.466519 -0.851372 0.205673
2161394803285677 0.128033 -0.482039 -0.840791 0.210512
2161394943285641 0.133332 -0.473184 -0.842702 0.219481
2161395083285673 0.129519 -0.456555 -0.845476 0.244847
2161395223285604 0.127545 -0.456968 -0.845375 0.245461
2161395363285602 0.130320 -0.472530 -0.839873 0.233116
2161395503285533 0.125033 -0.465767 -0.846771 0.224509
2161395643285598 0.117649 -0.449998 -0.860142 0.209321
2161395783285562 0.123463 -0.456289 -0.859194 0.195809
2161395923285560 0.123558 -0.466421 -0.849767 0.212320
2161396063285659 0.130874 -0.458369 -0.847236 0.234435
2161396203285590 0.121617 -0.455339 -0.845661 0.250463
2161396343285554 0.121697 -0.457603 -0.842122 0.258105
2161396483285586 0.130630 -0.463864 -0.839856 0.249813
2161396623285583 0.126900 -0.461417 -0.845385 0.237303
2161396763285615 0.122402 -0.453584 -0.855426 0.218001
2161396903285646 0.119561 -0.460991 -0.853358 0.212063
2161397043285678 0.126897 -0.473367 -0.841174 0.228573
2161397183285609 0.128254 -0.465841 -0.839420 0.248828
2161397323285572 0.126549 -0.461868 -0.835257 0.270200
2161397463285603 0.125318 -0.461885 -0.834272 0.273761
2161397603285568 0.131746 -0.469257 -0.832464 0.263521
2161397743285566 0.125481 -0.459359 -0.841246 0.256023
2161397883285564 0.131781 -0.458093 -0.846750 0.236216
2161398023285528 0.129002 -0.461692 -0.846304 0.232308
2161398163285526 0.118952 -0.454590 -0.847064 0.248352
2161398303285524 0.108228 -0.449907 -0.845758 0.265634
2161398443285555 0.124511 -0.455771 -0.841909 0.260686
2161398583285587 0.111059 -0.455716 -0.843154 0.262829
2161398723285552 0.111293 -0.470941 -0.839498 0.247123
2161398863285516 0.101984 -0.476439 -0.844476 0.222406
2161399003285514 0.122786 -0.472350 -0.846288 0.213554
2161399143285512 0.121684 -0.471531 -0.847510 0.211132
2161399283285543 0.129051 -0.471399 -0.844226 0.220020
