# Created at Mon Sep 23 21:42:30 GMT+09:00 2024
5168432631474 -8.842057 -0.031126 -4.522785
5168693033570 -8.909097 0.055068 -4.393494
5168953434099 -9.064724 0.411815 -4.125336
5169213402394 -8.724737 0.251399 -3.960130
5169473374156 -8.923462 0.153234 -4.522785
5169733345985 -9.095850 0.117319 -4.450957
5169993313947 -8.612206 0.246610 -5.181211
5170253281642 -8.339259 -0.217879 -4.170827
5170513252870 -9.055147 0.138868 -4.300117
5170773224167 -7.520417 0.177176 -7.386338
5171033192630 -8.121380 -0.486038 -4.388706
5171293160125 -9.648928 0.141262 -4.544333
5171553128719 -7.695199 0.220273 -5.308107
5171813097513 -9.136553 0.550683 -6.316097
5172073065577 -7.678439 -0.203513 -3.033546
5172333032972 -8.918674 0.129291 -4.850801
5172593003434 -7.953781 0.778139 -5.679220
5172868722275 -8.344048 0.711100 -5.760625
5173128691837 -8.384750 0.287313 -5.138114
5173388659165 -8.487704 0.268159 -4.788549
5173648627592 -8.114198 1.290514 -6.222720
5173908596287 -8.332076 0.268159 -3.466910
5174168564716 -9.780613 0.136474 -5.030371
5174428532112 -8.051947 0.555472 -4.407860
5174688501742 -10.400730 0.818842 -3.816474
5174948473637 -7.817307 0.560260 -4.115758
5175208444533 -10.841276 -0.895459 -3.960130
5175468411863 -7.403098 0.205908 -3.646481
5175728380592 -10.949018 0.347170 -4.666441
5175988352053 -7.228316 0.507586 -4.714327
5176248323081 -10.271439 -0.351958 -5.576266
5176508290478 -6.921848 0.114925 -4.338426
5176768258172 -10.386364 0.191542 -6.198778
5177028227066 -7.278595 0.459701 -4.941783
5177288195960 -10.015251 0.648848 -5.956956
5177548163357 -6.270606 0.074223 -5.166845
5177808131184 -10.166091 0.794899 -6.205960
5178088100445 -6.869174 0.893064 -5.621757
5178348071641 -10.240314 1.115732 -6.510033
5178608039472 -6.656084 0.605752 -5.830059
5178868007000 -9.703996 0.651243 -6.035967
5179127975894 -7.245076 -0.026337 -4.450957
5179387944755 -10.685649 1.558673 -5.396696
5179647912486 -6.818895 0.428575 -6.344828
5179907879947 -9.557945 0.306467 -5.162056
5180167851310 -8.188420 0.505192 -3.308888
5180427823138 -10.508472 0.409421 -3.684789
5180687792200 -8.547561 0.040703 -2.980872
5180947759762 -9.447808 0.249005 -4.204347
5181207729957 -8.865999 -0.158022 -2.099779
5181467701220 -9.862018 0.143656 -3.407053
5181727670983 -9.495694 -0.304073 -3.462121
5181987638346 -9.361614 -0.131685 -3.885908
5182247606575 -9.019233 0.213090 -2.710319
5182507575470 -9.119793 0.574626 -3.620143
5182767543864 -9.754275 -0.050280 -2.906650
5183027511226 -9.016839 -0.586597 -3.457333
5183307478420 -8.803748 0.600963 -3.378322
5183567449715 -9.454991 0.308861 -3.797320
5183827420110 -9.797373 -0.277736 -3.249031
5184087387373 -9.454991 -0.289707 -4.031959
5184347355468 -9.229929 0.629694 -3.134106
5184607324262 -9.170073 0.272947 -4.288146
5184867293057 -9.375980 -1.091789 -2.844398
5185127260320 -8.968953 -0.177176 -4.587430
5185387228948 -8.636149 0.411815 -3.926611
5185647200442 -8.700794 0.438152 -3.981679
5185907171505 -8.964165 -0.562655 -4.273780
5186167138903 -9.117398 -0.222668 -3.651269
5186427106697 -8.755863 0.816448 -4.146884
5186687075591 -8.952193 0.533923 -4.525179
5186947044419 -8.933040 0.069434 -4.060690
5187207011783 -8.784595 -0.727860 -3.567469
5187466979544 -9.131764 1.036721 -4.498842
5187726951473 -8.600235 -0.196331 -3.639298
5187986923235 -9.057542 -0.004789 -4.769395
5188246891665 -8.399116 -0.584203 -3.050306
5188526856661 -8.427847 1.139675 -5.432610
5188786827922 -8.444607 0.766168 -3.632115
5189046799118 -8.245882 -1.319245 -5.973716
5189306767781 -8.571504 -0.158022 -3.337619
5189566735243 -8.760652 1.039115 -4.925023
5189826703870 -8.236305 -0.050280 -3.220300
5190086672765 -9.225141 -0.299284 -5.075862
5190346640694 -8.561927 -0.225062 -3.105374
5190606608156 -8.964165 0.708705 -4.958543
5190866578651 -8.576292 0.562655 -3.419024
5191126550413 -9.191621 -0.304073 -4.484477
5191386520508 -8.478127 -0.189148 -3.241848
5191646487938 -8.353624 0.785322 -6.083852
5191906457400 -8.420665 0.184359 -3.404659
5192166428829 -8.628966 -0.138868 -5.782174
5192426399191 -8.918674 -0.205908 -2.418218
5192686366521 -8.945011 1.003201 -5.861185
5192946334515 -8.447001 0.076617 -2.758204
5193206303409 -9.205987 0.270553 -6.201172
5193466367352 -8.154900 -0.543500 -2.870735
5193746332148 -9.256267 -0.031126 -4.776578
5194006301043 -8.719949 0.399844 -3.122134
5194266272471 -9.711179 0.131685 -3.316071
5194526243501 -8.748680 -0.198725 -3.100586
5194786210732 -9.119793 0.926584 -4.132518
5195046178626 -8.705584 0.603357 -3.351985
5195306147520 -8.660092 -0.402238 -3.232271
5195566116381 -8.588264 -0.011971 -3.213117
5195826083712 -9.723150 0.775745 -3.955342
5196086051774 -8.054340 0.294496 -2.715108
5196346023536 -9.943423 0.088588 -6.067092
5196605995432 -8.238700 -0.486038 -3.454939
5196865963596 -8.904308 0.931373 -6.828472
5197125931057 -8.047157 0.071828 -3.701549
5197385902252 -9.998491 0.193936 -4.209135
5197645873448 -7.644919 -0.282524 -3.409447
5197905842211 -9.921875 0.483644 -5.317684
5198165809673 -7.826884 -0.270553 -2.825244
5198425778234 -11.379988 -0.210696 -3.033546
5198685747028 -7.477320 -0.344776 -3.435784
5198945715158 -11.037607 -0.445335 -3.579441
5199205682553 -8.135746 -0.368718 -2.875524
5199465652682 -11.538011 -0.885882 -3.816474
5199725624011 -7.233104 0.553077 -4.407860
5199985593806 -10.441432 0.569837 -5.846819
5200245561236 -7.407886 0.337593 -5.080651
5200505529530 -9.847652 0.541106 -6.469330
5200765498391 -6.562707 0.715888 -5.698374
5201025466920 -10.122993 0.009577 -4.936995
5201285434216 -7.764633 0.826025 -6.241874
5201545403445 -10.391152 0.936161 -5.628940
5201805375340 -7.879559 -0.445335 -4.149278
5202065346536 -9.826104 -0.325621 -2.913832
5202325313899 -8.724737 -0.196331 -3.344802
5202585282227 -9.941029 0.577020 -3.699155
5202845253688 -9.510059 -0.598569 -2.047105
5203105224984 -9.261055 -0.864333 -3.268185
5203365192581 -9.124581 -0.117319 -4.036747
5203625160143 -8.868394 0.052674 -3.620143
5203885129071 -9.438231 0.280130 -6.251451
5204145097899 -8.341654 -0.835602 -2.782147
5204405065429 -9.464568 0.284919 -5.303319
5204665033025 -8.411087 -0.402238 -2.973689
5204925004353 -9.818921 -0.665608 -5.401484
5205184975581 -8.116591 -0.567443 -2.569057
5205444944144 -10.601849 -0.057463 -4.225895
5205704911573 -7.989695 0.349564 -2.114145
5205964880201 -11.985740 -1.070241 -2.116539
5206224849128 -7.508446 -0.426181 -2.291321
5206484816958 -11.238726 -0.095771 -3.447756
5206744784520 -8.097438 0.596174 -3.000026
5207004755150 -11.451817 -0.981653 -4.240261
5207264727011 -6.826077 -0.110137 -3.136500
5207524696840 -10.953807 -0.840390 -4.855589
5207784664269 -7.199584 0.447729 -3.641692
5208044633797 -11.066339 -1.300091 -5.231491
5208304605226 -6.586650 0.090982 -3.835628
5208564575555 -11.281823 0.107742 -4.951360
5208824542852 -7.221133 0.177176 -3.950553
5209084510947 -10.577906 0.105348 -6.627353
5209344479774 -6.682421 0.660820 -3.816474
5209604448436 -10.649734 0.062251 -5.104594
5209864415732 -7.403098 0.311256 -3.905062
5210124384493 -10.661706 0.792505 -5.786962
5210384355921 -6.541159 -0.598569 -4.984880
5210644326984 -10.479741 0.155628 -4.704750
5210904294315 -7.331269 0.500403 -4.163644
5211164262277 -10.881979 1.201926 -5.056708
5211424231137 -6.988888 -0.201119 -4.786155
5211684199899 -10.292988 -0.191542 -3.478881
5211944167263 -7.937021 0.148445 -2.322447
5212204135158 -10.709591 0.189148 -3.950553
5212464106986 -7.649708 0.265765 -3.993650
5212724078747 -9.749487 -0.533923 -3.390293
5212984047077 -8.540379 0.644060 -3.775771
5213244014606 -9.897932 -0.047885 -4.027170
5213503985634 -9.581888 -0.526740 -2.130905
5213763956896 -9.409500 -0.996018 -2.432583
5214023925994 -9.344854 0.567443 -3.938582
5214283999310 -8.918674 1.381497 -4.034353
5214543967638 -9.426260 -0.821236 -4.034353
5214803936499 -9.287392 -0.074223 -2.686376
5215063904528 -9.385557 0.727860 -4.252232
5215323871957 -8.870789 0.205908 -3.335225
5215583841985 -8.937828 -0.344776 -4.659259
5215843813314 -8.528407 0.287313 -3.742252
5216103783344 -9.208381 1.271360 -6.950580
5216363750740 -8.013638 0.071828 -3.215511
5216623718900 -9.629773 -0.260976 -4.702356
5216883687828 -7.800547 0.172388 -3.629721
5217143656256 -11.547587 -0.193936 -3.105374
5217403623586 -8.028004 0.387873 -1.989642
5217663592814 -12.627405 -1.098972 -2.276955
5217923564609 -7.999272 -0.021548 -2.712713
5218183535904 -11.315343 0.016760 -2.865947
5218443503334 -7.661679 -0.605752 -2.411035
5218703471596 -12.036019 -0.565049 -3.284945
5218963443157 -7.587457 -0.280130 -2.540326
5219223414353 -11.739129 0.301679 -4.438985
5219483381916 -7.333664 0.198725 -2.341601
5219743349510 -11.628993 -0.617723 -4.503631
5220003318371 -7.283384 0.794899 -4.087027
5220263287165 -10.549175 0.335198 -6.103006
5220523254830 -7.541965 0.421392 -3.895485
5220783222424 -10.807756 0.414210 -4.180404
5221043193685 -7.099025 -0.459701 -5.190788
5221303165015 -9.912297 -0.229850 -4.077450
5221563133512 -7.972935 -0.263370 -3.347196
5221823101075 -10.609032 0.332804 -4.357580
5222083069635 -8.377567 -0.284919 -2.842004
5222343038529 -9.986520 -0.294496 -2.705531
5222603006493 -8.923462 0.620117 -1.927391
5222862973989 -10.000886 0.033520 -3.881119
5223122944518 -9.790190 -1.197137 -3.466910
5223382916479 -9.170073 -0.555472 -2.940170
5223642886342 -9.076695 0.517163 -5.320079
5223902853705 -8.351231 -0.246610 -3.296916
5224162823234 -9.507666 -0.579414 -5.554718
5224422794529 -8.145323 -0.138868 -3.253819
5224682764992 -9.929058 -0.011971 -5.394301
5224942732222 -8.037580 0.083800 -2.588211
5225202700316 -11.217177 -0.308861 -2.049499
5225462669243 -7.927444 -0.351958 -3.002421
5225722637938 -10.810151 0.050280 -5.616969
5225982605168 -7.563514 0.462095 -3.905062
5226242573897 -10.115811 0.069434 -7.084659
5226502545291 -6.701575 1.010384 -5.688797
5226762516488 -10.494106 0.143656 -4.664047
5227022483885 -7.869981 0.514769 -3.636904
5227282451579 -10.498895 0.572232 -4.237866
5227542420507 -8.013638 -0.749408 -3.826051
5227802389301 -9.589070 -0.557866 -4.089421
5228062356732 -9.294575 0.253793 -2.578634
5228322324560 -9.493299 1.103761 -3.600989
5228582296322 -8.997684 -1.347977 -3.579441
5228842268084 -9.249084 -0.402238 -3.189174
5229102236581 -9.330489 1.355160 -4.666441
5229362204009 -8.581081 0.112531 -3.761406
5229622174903 -8.782200 -0.761379 -5.743865
5229882146199 -8.451790 -0.270553 -2.619337
5230142115228 -9.881172 1.314457 -4.822070
5230402082690 -7.836462 0.361535 -2.942564
5230662051152 -10.348056 -1.036721 -4.407860
5230922019946 -8.111803 -0.311256 -3.181991
5231181988109 -11.181263 0.591386 -3.148471
5231441955504 -8.159689 -0.162811 -2.154847
5231701925399 -12.208407 -0.155628 -2.918621
5231961896828 -7.793365 -0.368718 -1.965700
5232221866924 -11.444633 -0.349564 -2.753416
5232481834254 -7.731113 -0.169994 -1.877111
5232741802450 -11.691244 0.426181 -3.955342
5233001771244 -7.817307 0.433364 -2.935381
5233261739772 -10.482135 0.517163 -5.485283
5233521707102 -7.649708 0.679974 -4.415043
5233781676097 -10.625792 0.897853 -4.625739
5234041648091 -6.979311 0.620117 -3.586624
5234301619485 -10.065532 0.514769 -4.687990
5234561586881 -7.479714 0.222668 -4.345609
5234821646466 -10.580300 0.773351 -4.348003
5235081617994 -7.386338 0.215485 -4.393494
5235341589223 -9.828498 0.205908 -4.228289
5235601556921 -8.688824 -0.088588 -2.631308
5235861524448 -10.628186 0.708705 -2.985661
5236121493342 -9.340066 -0.577020 -1.687964
5236381462203 -9.830893 -0.339987 -2.013585
5236641429733 -9.481328 0.866727 -2.992844
5236901397328 -9.780613 0.778139 -2.329629
5237161368456 -9.002473 -1.144463 -3.323253
5237421339819 -8.865999 -0.876305 -2.272167
5237681308549 -9.112610 1.419805 -6.160469
5237941276011 -8.449396 0.203513 -2.954535
5238201244572 -9.356826 -0.019154 -7.439012
5238461213467 -8.085466 -0.335198 -3.167626
5238721181396 -10.149331 0.328016 -4.292935
5238981148858 -7.901107 0.040703 -2.518777
5239241119353 -11.937854 -1.508393 -1.412622
5239501091216 -7.984907 0.311256 -3.112557
5239761061411 -11.482942 0.395055 -4.362369
5240021028707 -7.972935 0.670397 -2.782147
5240280998202 -11.109435 0.081405 -5.097411
5240540969531 -6.986494 0.011971 -4.134912
5240800940027 -10.762265 0.304073 -5.253039
5241060907257 -7.348030 0.071828 -3.818868
5241320875285 -10.309748 1.079818 -5.509226
5241580844112 -7.522811 0.210696 -3.981679
5241840812907 -9.842864 0.112531 -4.273780
5242100780204 -8.566715 0.232245 -3.172414
5242360748733 -10.424672 0.093377 -3.785348
5242620720328 -9.682447 -0.287313 -1.860352
5242880691424 -9.632168 -0.699128 -1.635290
5243140658854 -9.754275 1.005595 -2.885101
5243400626614 -9.433443 0.220273 -3.782954
5243660595442 -8.765440 -0.591386 -3.914639
5243920564236 -8.523619 -0.478855 -3.031152
5244180531735 -9.308941 0.608146 -4.089421
5244440499496 -8.633755 0.316044 -2.545114
5244700471224 -10.582695 -0.514769 -2.406246
5244960443053 -8.219545 0.347170 -3.672817
5245220411483 -10.958596 0.864333 -3.016786
5245480378945 -8.200391 -0.404632 -1.355160
5245740349740 -12.625011 -0.162811 -2.463709
5246000321002 -7.688016 0.129291 -1.778946
5246260290265 -11.533222 0.153234 -2.674405
5246520257627 -8.502069 0.342381 -2.423006
5246780225988 -11.736735 -0.043097 -4.462928
5247040194883 -7.190007 -0.129291 -3.143683
5247300163146 -11.202812 -0.615329 -4.211529
5247560130542 -7.273807 0.313650 -3.167626
5247820100471 -11.391959 -0.215485 -4.898686
5248080071799 -6.641718 -0.023943 -2.597788
5248340041895 -11.133378 0.033520 -4.656865
5248600009159 -7.522811 0.306467 -3.313676
5248859977219 -10.336084 0.253793 -4.427014
5249119946213 -6.986494 0.883487 -5.413455
5249379914775 -10.771842 -0.593780 -3.308888
5249640181971 -7.333664 -0.052674 -3.543527
5249900584300 -10.534809 0.550683 -4.235472
5250160822763 -7.407886 0.624906 -4.015199
5250420794258 -10.597060 0.031126 -2.399063
5250680761755 -8.779806 -0.093377 -1.462902
5250940729816 -10.513261 0.363930 -3.213117
5251200701310 -9.160496 -0.907430 -1.374314
5251460672605 -9.900327 -0.596174 -1.692752
5251720640369 -9.007262 0.574626 -2.329629
5251980941265 -9.627379 0.112531 -4.084633
5252241343460 -8.976136 -0.682368 -3.277762
5252501545488 -8.983319 -0.821236 -2.221887
5252761513118 -9.751882 1.060664 -4.723904
5253021480613 -8.748680 0.375901 -3.495641
5253281451673 -8.710372 -0.586597 -5.166845
5253541423102 -8.466156 -0.076617 -2.114145
5253801391932 -10.525232 1.063058 -3.294522
5254061359361 -8.487704 0.215485 -2.631308
5254321327990 -10.673677 -0.249005 -2.439766
5254581330084 -8.300951 -0.239427 -2.930592
5254841731446 -11.169292 0.641666 -3.498035
5255102132173 -8.008849 0.009577 -1.290514
5255362202535 -12.634588 -0.378295 -1.927391
5255622284730 -7.908290 0.057463 -2.430189
5255882254993 -11.916306 0.296890 -3.907456
5256142222288 -7.735902 0.545895 -2.729473
5256402191683 -11.164503 -0.102954 -5.446975
5256662163012 -7.400703 0.146051 -2.731868
5256922133674 -10.659311 0.323227 -5.827665
5257182101038 -7.920261 0.502798 -3.510007
5257442068933 -10.714379 1.060664 -3.663240
5257702037760 -7.795759 0.457306 -4.072661
5257962006555 -9.838076 -0.079011 -2.820456
5258221973785 -8.889942 0.993624 -2.502017
5258481942213 -10.015251 0.533923 -3.349591
5258741913707 -9.610620 -0.574626 -2.731868
5259001884936 -9.182044 -0.442941 -2.152453
5259261852401 -9.184438 1.158829 -5.497255
5259521820096 -8.645726 -0.074223 -2.286532
5259781788923 -9.361614 -0.411815 -7.410281
5260041757851 -8.255460 0.004789 -2.451737
5260301725248 -10.338479 1.024750 -3.816474
5260561692943 -8.159689 -0.289707 -2.085413
5260821664672 -11.772649 -0.450124 -0.859545
5261081636500 -7.889135 -0.541106 -2.796513
5261341605063 -12.009683 -0.536318 -2.145270
5261601572625 -8.006455 -0.270553 -2.288927
5261861543352 -11.899546 -0.165205 -3.256214
5262121514615 -7.254653 -0.174782 -3.708732
5262381483945 -10.951413 0.069434 -5.684009
5262641451273 -7.656891 0.040703 -3.421419
5262901419800 -10.611426 0.622511 -5.588237
5263161388561 -7.731113 -0.703917 -3.069460
5263421356790 -9.627379 -0.378295 -3.986468
5263681324219 -8.830086 -0.351958 -1.690358
5263941293981 -10.113417 0.004789 -2.442160
5264201265276 -9.330489 -0.869122 -2.952141
5264461235605 -9.524426 -0.474066 -1.817255
5264721202802 -9.299363 0.955316 -4.000833
5264981170929 -8.636149 0.134079 -3.658452
5265241139757 -8.327288 -0.600963 -5.480495
5265501108352 -8.966559 -0.076617 -2.549903
5265761075749 -9.196409 0.775745 -4.970514
5266021044577 -8.367990 -0.244216 -2.523566
5266281016505 -10.810151 -0.138868 -2.808484
5266540988000 -8.039975 -0.342381 -2.537931
5266800955463 -11.573924 0.246610 -2.463709
5267060923425 -8.377567 0.148445 -1.376708
5267320894986 -12.725571 -0.196331 -2.542720
5267580866182 -7.637737 0.131685 -1.915420
5267840834113 -11.806170 0.158022 -4.031959
5268120799240 -7.788576 0.112531 -1.917814
5268380768067 -12.172493 -0.519558 -3.962525
5268640736895 -6.665661 0.237033 -3.572258
5268900704526 -11.439845 0.351958 -4.970514
5269160672154 -7.613794 0.332804 -3.634509
5269420643382 -10.369604 1.048692 -4.314483
5269680614778 -7.963358 0.433364 -3.816474
5269940583241 -10.127783 0.421392 -3.706337
5270200550637 -8.609812 0.531529 -1.812466
5270460519363 -10.656918 0.474066 -1.980065
5270720488157 -9.560339 -0.239427 -2.985661
5270980456120 -9.301758 -0.605752 -1.889083
5271240423582 -9.727939 0.854756 -3.347196
5271500394144 -9.086273 0.260976 -3.636904
5271760366038 -9.555551 -0.320833 -3.368745
5272020335902 -9.076695 -0.500403 -1.963305
5272280303331 -9.591465 1.225869 -5.626546
5272540272859 -8.401510 0.172388 -3.011998
5272800244221 -9.797373 -0.009577 -7.242682
5273060214650 -8.013638 -0.201119 -3.251425
5273320182014 -9.713573 0.179571 -4.999246
5273580150009 -8.202785 -0.205908 -2.851581
5273840118936 -10.510866 -1.067847 -1.508393
5274100087598 -7.872375 -0.090982 -2.985661
5274360054928 -11.739129 -0.423787 -2.911438
5274620023624 -7.589851 -0.081405 -1.743032
5274879995018 -12.634588 -0.328016 -2.233858
5275139966114 -7.324087 -0.169994 -2.126116
5275399933445 -11.514068 0.124502 -4.498842
5275659901239 -7.783787 0.593780 -3.383110
5275919870066 -10.917893 0.395055 -5.578660
5276179954568 -6.536370 0.378295 -3.584229
5276439921965 -10.618608 0.639271 -5.162056
5276699889826 -7.644919 0.366324 -3.727886
5276959861555 -10.508472 0.984047 -5.104594
5277219833316 -8.135746 0.447729 -5.121354
5277479801780 -9.799767 -0.198725 -2.214704
5277739769208 -9.256267 0.976864 -2.092596
5277999740102 -9.572310 0.507586 -2.497229
5278259711398 -9.907509 -1.247417 -3.129317
5278519680562 -9.601042 -0.213090 -1.391074
5278779647924 -9.074302 0.809265 -4.989669
5279039616487 -9.026416 0.086194 -3.627326
5279299585314 -8.600235 -0.648848 -5.705557
5279559553442 -8.514041 -1.007990 -2.861158
5279819520937 -9.529214 1.295303 -4.307301
5280079490765 -8.348836 -0.308861 -3.081432
5280339462161 -9.660899 -0.275342 -4.218712
5280599432124 -8.123775 -0.124502 -2.042316
5280859399454 -10.613820 0.471672 -2.130905
5281119367649 -8.265037 0.004789 -1.855563
5281379336543 -11.746312 -0.620117 -2.272167
5281639305037 -8.109408 -0.272947 -2.633702
5281899272467 -11.839689 -0.723071 -2.947352
5282159241463 -7.994483 0.814053 -2.437372
5282419213423 -11.775043 -0.644060 -4.046324
5282679184750 -7.101419 0.136474 -3.684789
5282939152147 -10.304958 0.100560 -5.655277
5283199120376 -7.386338 -0.074223 -3.129317
5283459091871 -10.446221 0.584203 -4.333637
5283719063167 -8.200391 -0.227456 -3.217905
5283979030832 -10.221159 -0.146051 -2.482863
5284238998393 -9.548368 0.756591 -1.877111
5284498967254 -9.364009 0.318439 -3.414236
5284758936149 -9.373586 -0.835602 -2.540326
5285018903745 -9.414289 -0.543500 -2.059076
5285278871340 -9.129370 1.197137 -5.128537
5285538842501 -8.207574 0.656031 -3.826051
5285798813697 -8.619390 -0.960104 -6.021601
5286058782361 -8.370385 -0.385478 -2.432583
5286318749856 -9.845258 1.283331 -5.681614
5286578718450 -8.195602 0.167599 -1.369525
5286838687345 -11.344074 0.368718 -2.614548
5287098655240 -7.819702 -0.670397 -1.843592
5287358622702 -11.549982 -0.442941 -2.683982
5287618593264 -7.518023 -0.205908 -2.063865
5287878565125 -12.567549 0.304073 -2.585817
5288138535054 -6.651295 -0.165205 -4.213923
5288398502550 -11.253092 0.251399 -4.108575
5288658472011 -7.338452 0.428575 -4.649682
5288918443373 -10.348056 0.751802 -5.892310
5289178413902 -6.766221 0.557866 -5.545140
5289438381165 -10.312141 0.033520 -3.768589
5289698349193 -8.092649 0.150839 -2.588211
5289958318020 -10.680860 0.213090 -3.500430
5290218286748 -9.150918 -0.859545 -3.773377
5290478254078 -7.609005 -0.893064 -2.683982
5290738222673 -11.262669 0.754197 -5.004035
5290998194100 -7.623371 0.313650 -3.186780
5291258165263 -10.939442 -0.117319 -5.159662
5291518132594 -7.099025 -0.318439 -2.607365
5291778100355 -10.858036 0.598569 -5.427821
5292038069249 -7.376760 0.811659 -4.529968
5292298038043 -10.477346 0.943344 -5.123748
5292558005542 -7.996878 0.337593 -4.601796
5292817973303 -10.063137 0.270553 -3.277762
5293077945031 -8.152506 1.055875 -3.603384
5293337916927 -9.720756 0.679974 -2.995238
5293597885425 -9.335278 -0.591386 -3.035940
5293857852820 -8.952193 -0.430969 -2.600183
5294117823716 -8.327288 1.000807 -7.036774
5294377794912 -8.109408 0.189148 -3.730280
5294637764074 -8.815720 -0.555472 -6.016813
5294897731569 -7.999272 -0.100560 -2.329629
5295157699963 -11.636175 0.373507 -2.683982
5295417668924 -7.927444 0.117319 -2.020768
5295677636953 -12.945844 -0.596174 -2.133299
5295937604415 -7.149304 0.213090 -2.727079
5296197574310 -11.885180 0.081405 -3.864360
5296457545639 -7.211556 0.328016 -3.804503
5296717515700 -10.271439 0.866727 -5.514015
5296977570582 -6.725518 0.500403 -4.836435
5297237538677 -9.926663 0.354353 -4.362369
5297497507571 -8.585870 0.299284 -3.023969
5297757476100 -10.211582 1.134886 -3.318465
5298017443396 -9.838076 -1.479662 -1.829226
5298277412425 -9.390346 -0.265765 -2.899467
5298537384353 -8.626573 1.460508 -6.045544
5298797355714 -8.415876 0.268159 -3.852388
5299057323277 -9.105427 0.332804 -5.128537
5299317291272 -8.128563 -0.560260 -2.554691
5299577262766 -11.360834 -0.067040 -2.722291
5299837234129 -8.138140 0.325621 -1.747821
5300097201959 -11.846871 0.622511 -4.261809
5300357169455 -6.957763 0.806871 -3.378322
5300617138283 -10.824516 0.885882 -6.608199
5300877107111 -7.319298 0.438152 -2.633702
5301137074808 -10.609032 0.902642 -4.350397
5301397042336 -9.098245 -0.172388 -2.542720
5301657013396 -10.015251 -0.565049 -2.940170
5301916984759 -9.234718 0.634483 -2.023162
5302176953423 -9.603436 0.392661 -3.907456
5302436920852 -9.126976 -0.433364 -4.197164
5302696889513 -8.954588 -0.471672 -2.667222
5302956858374 -9.148524 1.525153 -5.478101
5303216826270 -8.590658 0.399844 -3.170020
5303476793799 -11.506885 -0.466884 -1.003201
5303736764094 -8.174054 -0.210696 -2.600183
5303996735922 -11.992923 -0.428575 -2.454132
5304256706218 -7.970541 0.739831 -2.291321
5304516673580 -12.162916 -0.337593 -4.573065
5304776642942 -6.778192 1.228263 -3.306494
5305036614237 -11.030424 0.311256 -4.764607
5305296584933 -7.266624 0.584203 -3.114952
5305556552230 -11.099858 1.419805 -4.515602
5305816520225 -7.699988 -0.074223 -3.541132
5306076489119 -10.180456 0.165205 -3.086220
5306336457914 -8.921068 0.636877 -1.862746
5306596425078 -9.957788 0.581809 -2.585817
5306856393506 -9.773430 -0.062251 -1.822043
5307116365033 -9.162889 -0.691945 -2.559480
5307376336262 -9.265843 2.025557 -5.636123
5307636303827 -8.444607 1.098972 -2.796513
5307896271422 -8.478127 -0.112531 -8.420665
5308156240316 -7.850827 -0.138868 -2.075836
5308416209111 -10.240314 0.921796 -4.122941
5308676176608 -8.023215 -0.031126 -2.162030
5308936144269 -13.005701 -0.739831 -1.762186
5309196115997 -7.702382 0.069434 -2.492440
5309456087959 -11.863631 -0.512375 -3.256214
5309716056655 -7.668862 0.586597 -2.949747
5309976024183 -11.782227 -0.459701 -4.489265
5310255992510 -7.201979 -0.246610 -1.781340
5310515963739 -11.636175 0.217879 -4.661653
5310775932669 -7.541965 0.797293 -3.979285
5311035900165 -10.247497 0.533923 -6.126949
5311295868559 -6.569890 0.004789 -5.114171
5311555837453 -9.768641 0.311256 -4.743058
5311815805516 -9.550762 0.624906 -2.241041
5312075773012 -8.755863 0.316044 -2.310475
5312335743074 -10.817333 -0.768562 -1.410228
5312595714336 -8.300951 0.083800 -2.760599
5312855684265 -9.031204 1.913026 -6.158075
5313115751629 -7.925050 -0.356747 -2.983266
5313376153057 -9.083879 0.316044 -8.305739
5313636555252 -8.133351 -0.735042 -2.296109
5313896557048 -11.126195 -0.191542 -2.274561
5314156524378 -7.819702 -1.065452 -1.992037
5314416493640 -13.113443 -1.211503 -1.508393
5314676465535 -7.874770 -0.869122 -3.320859
5314936436831 -11.209994 0.418998 -3.713520
5315196404261 -7.702382 0.052674 -2.925804
5315456372456 -10.403124 0.117319 -5.791751
5315716343983 -6.727912 -0.160416 -4.412649
5315976315246 -10.271439 0.002394 -4.592219
5316236282743 -7.257047 0.694340 -4.070267
5316496250338 -10.680860 1.170800 -5.432610
5316756219232 -8.320105 -0.249005 -3.696760
5317016188026 -9.976943 -0.234639 -3.471699
5317276155657 -7.989695 0.016760 -3.624932
5317536225512 -8.978531 -0.129291 -2.612154
5317796196840 -10.668888 -0.452518 -4.850801
5318056168203 -8.140534 -0.543500 -2.308081
5318316136767 -9.924269 0.447729 -5.367964
5318576104229 -8.092649 0.129291 -3.347196
5318836072823 -9.366403 0.263370 -6.696786
5319096041618 -8.272220 -0.167599 -3.170020
5319356009615 -10.640158 -0.035914 -3.363956
5319615977143 -8.561927 0.414210 -1.472479
5319875947739 -12.567549 -0.931373 -1.936968
5320135919600 -7.771816 0.086194 -2.284138
5320395889430 -11.976163 -0.347170 -2.188367
5320655856825 -7.836462 -0.023943 -2.547508
5320915826353 -11.798986 -0.201119 -4.649682
5321175797749 -7.101419 0.220273 -3.102980
5321435768144 -11.095070 0.524346 -5.063891
5321695735474 -7.393521 0.952921 -3.644086
5321955703469 -10.652128 0.907430 -4.711933
5322215672397 -7.297750 0.335198 -4.441380
5322475641058 -10.087080 0.069434 -3.519584
5322735608288 -9.194016 -0.143656 -0.411815
5322995577016 -10.530021 0.404632 -2.200339
5323255548443 -9.866806 -0.876305 -1.482056
5323515519739 -9.900327 -0.253793 -2.336812
5323775487037 -9.091062 1.491633 -4.496448
5324035454798 -8.775017 0.519558 -3.340013
5324315421225 -8.727132 -0.711100 -3.979285
5324575390119 -8.822903 -0.203513 -1.817255
5324835357416 -9.241900 1.886689 -7.398309
5325095325410 -8.435030 -0.277736 -1.982460
5325355297372 -11.207601 -0.251399 -2.320052
5325615269100 -8.511647 -0.268159 -1.848380
5325875237164 -11.751101 -0.033520 -1.630501
5326135204758 -8.497281 0.591386 -2.039922
5326395175985 -11.875603 -0.677580 -3.991256
5326655147147 -6.763826 0.246610 -2.559480
5326915115945 -11.329708 0.442941 -4.597008
5327175083375 -7.716748 0.359141 -2.655251
5327435051970 -10.609032 0.723071 -3.794926
5327695093968 -8.195602 -0.172388 -2.822850
5327955061897 -9.816526 0.090982 -2.638491
5328215029426 -9.459780 0.691945 -1.776552
5328474999687 -9.378374 0.246610 -2.470892
5328734971016 -9.426260 -0.658426 -3.184386
5328994940813 -9.296969 -0.593780 -2.403852
5329254908143 -9.016839 1.747821 -5.339233
5329514876338 -8.298556 -0.227456 -2.995238
5329774845267 -8.899520 -0.246610 -6.974523
5330034813661 -8.095043 -0.186753 -2.226676
5330294781024 -10.580300 0.962498 -3.548315
5330554750453 -7.893924 0.287313 -0.653637
5330814722214 -12.098270 -0.392661 -1.034327
5331074693408 -7.944204 -0.347170 -1.795706
5331334660771 -12.129396 -0.086194 -1.697541
5331594629333 -7.599428 -0.351958 -1.149252
5331854600861 -12.979363 -0.378295 -2.463709
5332114571957 -7.288173 0.634483 -2.968901
5332374539388 -11.590684 0.529135 -4.403071
5332634507116 -7.213950 0.675186 -4.556305
5332894475977 -10.917893 1.628107 -5.638517
5333154444705 -7.082265 0.074223 -3.691972
5333414412269 -9.890749 -0.119714 -3.581835
5333674380132 -8.566715 0.330410 -2.039922
5333934351459 -10.637763 1.053481 -3.069460
5334194322688 -9.407105 -0.833208 -2.506806
5334454290952 -9.845258 -0.517163 -2.636096
5334714258514 -8.842057 1.079818 -3.646481
5334974227174 -8.911490 0.002394 -3.361562
5335234196168 -9.256267 -0.038308 -5.442187
5335494164031 -8.662486 -0.119714 -2.640885
5335754131426 -9.201198 1.757398 -5.581055
5336014102254 -8.324894 0.160416 -2.736656
5336274074082 -11.935460 -0.531529 -0.900247
5336534043645 -8.219545 -0.292102 -1.845986
5336794011107 -11.894757 -0.057463 -2.121327
5337053980936 -8.164477 0.052674 -1.541913
5337313952230 -11.456605 0.131685 -3.177203
5337574089092 -6.964945 0.162811 -3.952948
5337834489653 -10.647340 0.474066 -4.515602
5338094857747 -7.448589 0.502798 -3.849994
5338354826642 -11.073521 0.612934 -4.192375
5338614795237 -7.458166 -1.048692 -3.533950
5338874762533 -10.051166 -0.347170 -2.226676
5339134731462 -8.839663 -0.088588 -1.929785
5339394702923 -10.249890 0.849968 -3.976891
5339654673785 -9.098245 -0.703917 -1.288120
5339914641116 -9.366403 -0.864333 -2.698348
5340174608910 -9.239507 0.114925 -3.656058
5340434577804 -7.829278 0.447729 -3.294522
5340694546632 -13.178088 -0.814053 -1.019961
5340954513963 -7.723930 0.181965 -2.741445
5341214482091 -12.026443 -0.014366 -2.712713
5341474453886 -7.336058 -0.090982 -2.133299
5341734425681 -12.869227 -1.233052 -1.793312
5341994393811 -7.225921 0.351958 -3.011998
5342254361406 -11.226754 -0.009577 -5.830059
5342514332401 -7.328875 0.514769 -3.651269
5342774303764 -10.874796 1.182772 -4.982486
5343034272560 -7.874770 0.368718 -3.924217
5343294240055 -9.900327 0.450124 -4.625739
5343554208583 -9.079090 -0.069434 -2.085413
5343814177344 -9.419077 0.859545 -4.192375
5344074145507 -9.541185 -0.890670 -2.569057
5344334112935 -9.220352 -0.624906 -2.882707
5344594083131 -8.820508 1.290514 -5.566689
5344854054460 -8.257854 0.064645 -3.148471
5345114024255 -10.532414 -0.466884 -3.217905
5345373991485 -8.109408 -0.150839 -2.423006
5345633959780 -11.930672 -0.129291 -1.295303
5345893928574 -8.375174 0.526740 -2.303292
5346153897069 -11.593079 0.129291 -5.008823
5346413864432 -6.761432 0.256187 -4.381523
5346673833695 -9.993703 0.280130 -3.593807
5346933805556 -8.497281 0.450124 -2.940170
5347193776817 -10.522838 0.775745 -3.102980
5347453744246 -9.526819 -0.344776 -1.728666
5347713712742 -9.862018 -0.622511 -1.644867
5347973684303 -9.524426 1.273754 -3.512401
5348233762522 -8.894731 0.201119 -2.877918
5348493729954 -8.712766 0.373507 -7.216344
5348753697549 -8.605023 -0.090982 -3.174809
5349013666443 -10.520444 0.739831 -2.669616
5349273635271 -8.269825 -0.330410 -1.735849
5349533602734 -12.016866 -0.826025 -2.585817
5349793570463 -7.939415 -0.220273 -2.473286
5350053541790 -11.911517 -0.521952 -3.428602
5350313512985 -7.728719 0.543500 -3.201145
5350573481481 -10.343267 0.026337 -5.037554
5350833448909 -7.443800 0.181965 -5.185999
5351093417637 -9.972155 0.193936 -4.798127
5351353386432 -8.753469 0.002394 -2.667222
5351613354295 -10.292988 0.332804 -2.384698
5351873355057 -9.723150 -0.926584 -1.886689
5352133759187 -9.541185 -0.703917 -1.580221
5352394164285 -9.474146 1.426988 -4.091815
5352654234048 -8.667274 0.215485 -2.604971
5352914201510 -9.074302 0.064645 -5.578660
5353174171205 -8.279403 -0.924190 -2.935381
5353434142534 -10.151725 1.302485 -5.487678
5353694112897 -8.332076 -0.014366 -2.861158
5353954080127 -11.432662 -0.572232 -0.794899
5354214048222 -8.207574 -0.385478 -1.517970
5354474017016 -11.992923 -0.153234 -2.152453
5354733985644 -8.099832 0.404632 -1.462902
5354993952974 -12.222773 -0.007183 -2.992844
5355253921802 -7.276201 0.794899 -3.244242
5355513893196 -10.561146 0.361535 -4.793338
5355773864292 -8.573898 0.390267 -2.899467
5356033831657 -10.407912 0.572232 -3.821263
5356293799451 -9.411894 -0.328016 -0.998413
5356553768345 -9.845258 0.131685 -2.317658
5356813737139 -9.543579 0.928979 -2.523566
5357073704570 -9.014444 -0.011971 -2.825244
5357333672498 -8.540379 -0.277736 -4.508420
5357593644326 -8.961771 -0.598569 -2.439766
5357853616154 -9.565128 1.000807 -5.174028
5358113584384 -8.238700 0.007183 -2.839610
5358373551845 -11.001693 -2.006402 -2.109356
5358633522940 -8.399116 0.148445 -1.570644
5358893494136 -11.669696 -0.332804 -1.711906
5359153463066 -8.356019 -0.047885 -1.458113
5359413430528 -11.703216 -0.553077 -3.849994
5359673398988 -7.101419 -0.229850 -3.835628
5359933367883 -10.671283 -0.213090 -3.883514
5360193335946 -8.037580 0.253793 -3.347196
5360453303408 -10.537204 0.416604 -3.778166
5360713273504 -8.633755 -0.569837 -1.994431
5360973244833 -10.180456 -0.679974 -1.316851
5361233214629 -9.354432 0.526740 -1.448536
5361493182059 -9.387952 -0.579414 -2.372726
5361753150287 -9.407105 -0.009577 -2.731868
5362013119148 -9.062330 -0.387873 -2.336812
5362273087644 -9.471751 1.312063 -4.982486
5362533054907 -9.045570 -0.057463 -2.312870
5362793024234 -10.676071 -1.019961 -0.244216
5363052996063 -8.657698 -0.457306 -1.992037
5363312967358 -11.746312 -0.284919 -1.805283
5363572934754 -8.415876 0.134079 -1.996825
5363832903083 -12.069539 -0.560260 -2.784542
5364092874510 -7.175642 0.081405 -3.847600
5364352845840 -10.920287 -0.055068 -4.568276
5364612813303 -7.623371 0.909824 -4.194769
5364872780931 -10.644946 1.084607 -3.514795
5365132749858 -9.153313 -0.019154 -1.996825
5365392718653 -10.283410 -0.498009 -1.675992
5365652686249 -9.239507 0.723071 -1.726272
5365912653844 -9.134158 0.184359 -2.727079
5366172625072 -9.280210 0.347170 -4.529968
5366432596435 -8.937828 -0.191542 -2.229070
5366692564998 -9.653716 1.139675 -4.431803
5366952532427 -7.951386 -0.172388 -1.936968
5367212501188 -11.868421 -0.711100 -1.982460
5367472469949 -8.142929 -0.612934 -2.224281
5367732437845 -12.371218 0.033520 -3.023969
5367992405340 -8.126168 0.107742 -2.202733
5368252375936 -10.697619 0.890670 -5.068680
5368512347765 -6.574678 0.227456 -4.438985
5368772448133 -10.623397 0.668003 -4.247444
5369032415562 -8.626573 -0.747014 -1.625713
5369292385123 -10.498895 -0.131685 -2.767782
5369552356351 -9.730332 -1.352765 -1.254600
5369812326813 -9.763853 -0.969681 -2.504411
5370072294177 -8.837268 1.218686 -4.252232
5370332262273 -8.628966 0.227456 -3.430996
5370592231100 -9.948212 -0.502798 -3.213117
5370852199762 -8.528407 -0.572232 -1.661627
5371112167025 -11.837295 -0.639271 -0.814053
5371372135686 -8.284191 -0.023943 -1.692752
5371632107214 -12.526846 -0.347170 -2.571451
5371892078310 -7.637737 -0.004789 -2.985661
5372152045708 -11.145350 -0.119714 -5.130931
5372412013436 -7.503657 0.162811 -3.438179
5372671982297 -10.367210 0.409421 -5.339233
5372931951192 -7.941810 -0.351958 -3.917034
5373191918655 -10.106234 -0.787716 -2.916227
5373451886449 -9.502876 -0.294496 -1.271360
5373711858310 -9.443020 0.385478 -2.676799
5373971830038 -8.887548 -0.447729 -4.652076
5374231798368 -8.662486 -0.634483 -2.597788
5374491765863 -9.368797 -0.450124 -4.292935
5374751736690 -8.854029 0.110137 -2.099779
5375011708053 -12.287418 -0.849968 -0.845179
5375271677083 -8.116591 -0.629694 -1.671204
5375531644545 -11.672090 -0.483644 -3.442967
5375791613073 -8.078283 -0.040703 -2.478074
5376051581901 -11.013664 -0.146051 -4.982486
5376311549929 -7.688016 0.399844 -3.742252
5376571517458 -10.005674 -0.258582 -3.912245
5376831487319 -8.837268 -0.251399 -2.205127
5377091458715 -10.403124 -0.131685 -1.740638
5377351428778 -9.574705 -1.060664 -1.261783
5377611396041 -9.572310 -0.763774 -1.793312
5377871364336 -9.366403 1.436565 -4.539545
5378131333130 -8.892337 -0.067040 -2.470892
5378391301625 -11.145350 -0.126897 -2.164424
5378651268955 -8.320105 -0.591386 -1.743032
5378911238083 -12.440652 -1.343188 -1.122915
5379171209944 -8.300951 -0.402238 -2.020768
5379431181372 -10.649734 0.311256 -4.812492
5379691148735 -6.929031 0.184359 -5.023189
5379951116964 -10.020041 -0.608146 -2.935381
5380211088524 -8.542772 -0.378295 -2.298504
5380471059753 -10.122993 0.234639 -1.841197
5380731027384 -9.907509 -0.847573 -1.599376
5380990994945 -9.273026 -0.670397 -1.563461
5381250963772 -9.445415 1.005595 -4.477294
5381510932634 -8.253065 -0.761379 -2.990449
5381770900165 -10.462981 -0.938556 -2.296109
5382030867793 -8.293768 -0.620117 -2.980872
5382290839154 -11.901940 -0.632089 -2.049499
5382550810417 -8.298556 -0.189148 -2.075836
5382810778980 -11.387171 -0.380690 -4.213923
5383070746475 -7.506052 0.237033 -4.398283
5383330715035 -10.084685 0.052674 -4.084633
5383590683896 -8.693612 0.086194 -2.633702
5383850651925 -10.122993 0.445335 -2.861158
5384110619320 -9.715967 -0.557866 -2.995238
5384370589915 -8.918674 -0.529135 -2.566663
5384630561711 -9.792584 0.167599 -3.397476
5384890531706 -8.796566 0.129291 -3.474093
5385150499135 -9.024022 0.577020 -5.435004
5385410468631 -8.633755 -0.921796 -3.835628
5385670439926 -10.652128 0.114925 -3.136500
5385930410455 -8.260248 0.280130 -3.201145
5386190377685 -10.410307 0.466884 -5.006429
5386450345679 -8.530801 0.605752 -3.014392
5386710314641 -9.720756 -0.241822 -3.488458
5386970283336 -8.983319 -0.203513 -1.431776
5387230250666 -9.270632 0.177176 -3.739857
5387490219228 -8.923462 1.415016 -6.038361
5387750190789 -8.597841 -0.701523 -2.475680
5388010161886 -10.575512 0.703917 -3.442967
5388270129250 -8.071100 0.356747 -2.765387
5388530096910 -12.364035 -0.213090 -2.233858
5388790065871 -7.611400 0.131685 -3.275368
5389050034665 -10.570724 -0.100560 -4.091815
5389310002163 -8.272220 0.016760 -2.583422
5389570056225 -10.673677 1.460508 -3.713520
5389830027887 -9.579494 -1.022355 -0.993624
5390089999715 -9.799767 -0.620117 -2.339206
5390349968146 -9.541185 0.751802 -3.284945
5390610202306 -8.928250 -0.040703 -3.198751
5390870606434 -9.184438 -0.375901 -6.021601
5391130877628 -8.454185 -0.577020 -3.126923
5391390846791 -11.063944 -0.277736 -2.078231
5391650814187 -8.415876 -0.143656 -2.274561
5391910782582 -12.100665 -0.931373 -2.231464
5392170751409 -7.838856 -0.136474 -2.880313
5392430719672 -10.685649 0.167599 -4.431803
5392690687067 -8.583475 0.014366 -3.653663
5392950656929 -10.084685 1.067847 -2.475680
5393210628258 -9.771035 -1.000807 -1.223474
5393470598320 -9.622590 -0.402238 -1.687964
5393730565684 -9.624985 0.543500 -4.443774
5393990533778 -8.497281 0.057463 -2.731868
5394250502672 -9.222747 -0.521952 -7.640131
5394510471234 -8.279403 -0.629694 -1.994431
5394770438564 -11.403931 -0.577020 -2.456526
5395030407559 -8.583475 -0.395055 -1.537124
5395290379520 -11.801380 -0.495615 -2.597788
5395550350881 -7.331269 0.249005 -3.952948
5395810318378 -10.319324 0.469278 -4.807704
5396070286473 -8.545167 -0.438152 -2.195550
5396330257901 -10.393547 -0.067040 -3.100586
5396590229264 -9.567522 -1.087001 -1.582616
5396850196995 -9.344854 -0.790111 -1.889083
5397110164557 -9.474146 1.381497 -4.910657
5397370133418 -8.159689 -0.624906 -3.407053
5397630102246 -10.793391 -0.689551 -1.201926
5397890069843 -8.518829 -0.371113 -2.032739
5398150037471 -11.719975 -0.723071 -2.894678
5398410008565 -8.128563 -0.033520 -2.897073
5398669979828 -11.126195 -0.043097 -4.573065
5398929948592 -7.515629 -0.064645 -4.122941
5399189916020 -10.149331 -0.246610 -4.288146
5399449884615 -8.451790 0.169994 -1.834015
5399709853410 -10.460587 0.079011 -3.292128
5399969821372 -9.830893 -0.519558 -2.207521
5400229788934 -9.684841 -1.096578 -1.577827
5400489759296 -9.703996 1.228263 -3.203540
5400749731123 -9.012051 -0.153234 -2.856370
5401009701352 -8.346442 -0.074223 -7.422252
5401269668814 -8.621783 -0.277736 -3.196357
5401529638209 -9.591465 0.591386 -4.273780
5401789609538 -8.245882 -0.256187 -0.950527
5402049580067 -12.739936 -0.718282 -1.872323
5402309547364 -7.963358 -0.014366 -2.490046
5402569515358 -10.922682 -0.028731 -4.144490
5402829484185 -8.025609 0.371113 -3.632115
5403089452980 -10.202005 0.325621 -4.201952
5403349420243 -8.075889 -0.622511 -1.709512
5403609388771 -10.300170 -0.481249 -2.478074
5403869360232 -9.660899 0.648848 -1.788523
5404129331395 -9.648928 0.373507 -2.813273
5404389298793 -8.502069 -0.976864 -5.135719
5404649266587 -8.803748 -0.758985 -3.172414
5404909235414 -8.918674 0.955316 -7.348030
5405169204275 -8.226728 -0.562655 -3.093403
5405429171739 -11.250697 -0.945739 -2.341601
5405689139467 -8.461368 -0.653637 -2.104568
5405949111228 -12.352064 -0.565049 -1.867534
5406209082990 -7.941810 0.059857 -2.042316
5406469051587 -11.224360 -0.083800 -5.106988
5406729019082 -7.031985 0.383084 -4.659259
5406988989877 -10.199611 -0.074223 -4.723904
5407248961106 -8.425453 0.383084 -2.803696
5407508930369 -10.168485 -0.193936 -2.336812
5407768897731 -9.402317 -1.048692 -2.047105
5408028866125 -8.921068 -0.545895 -2.387092
5408288834986 -8.751075 1.561067 -6.943397
5408548803182 -8.339259 -0.313650 -3.091009
5408808770678 -12.138973 -1.551490 -1.618530
5409068740406 -7.762239 0.007183 -2.873130
5409328711768 -11.363228 -0.416604 -4.240261
5409588681931 -8.008849 0.526740 -3.660846
5409848649228 -10.352844 1.091789 -4.563488
5410108617288 -8.485310 -0.174782 -3.320859
5410368739424 -9.804555 -0.256187 -2.810879
5410628707953 -8.911490 1.371920 -4.489265
5410888675250 -8.365596 -0.258582 -3.414236
5411148644278 -9.953000 -0.390267 -4.309695
5411408616140 -8.121380 -0.536318 -1.922603
5411668587668 -11.684061 -0.356747 -2.887496
5411928555098 -7.992089 0.172388 -2.243435
5412188523127 -11.140561 0.387873 -4.814887
5412448494621 -7.223527 0.833208 -5.217125
5412708465917 -10.441432 -0.184359 -3.759012
5412968433714 -8.099832 0.016760 -2.492440
5413228401276 -10.290593 0.191542 -3.933794
5413488370103 -9.569917 -1.010384 -1.470085
5413748338997 -9.454991 -0.845179 -3.016786
5414008306661 -8.597841 1.285726 -5.001640
5414268274122 -8.784595 -0.146051 -2.779753
5414528245217 -8.672064 -0.660820 -7.036774
5414788216514 -8.581081 -0.311256 -2.059076
5415048185310 -11.545193 -0.361535 -2.518777
5415308152806 -8.729526 0.079011 -1.884294
5415568121300 -12.208407 -0.672791 -2.698348
5415828090161 -7.324087 0.062251 -3.011998
5416088058224 -10.637763 0.742225 -5.743865
5416348025686 -8.116591 -0.268159 -3.469304
5416607995983 -10.460587 0.512375 -2.865947
5416867967877 -9.383162 0.023943 -1.956123
5417127938107 -9.960183 -0.301679 -2.008796
5417387905503 -9.794978 0.122108 -1.953728
5417647874764 -8.703189 0.294496 -3.598595
5417907846059 -8.334471 0.047885 -7.206767
5418167816888 -8.595447 -0.902642 -2.458920
5418427784085 -10.221159 0.464489 -2.583422
5418687752047 -8.935433 -0.241822 -1.913026
5418947720974 -12.581914 -0.794899 -1.213897
5419207689802 -8.442213 -0.249005 -1.740638
5419467656999 -11.810958 0.100560 -2.789330
5419727625427 -8.356019 0.083800 -2.506806
5419987596821 -10.585089 -0.019154 -4.371946
5420247568084 -8.051947 0.952921 -3.668029
5420507535582 -10.180456 -0.177176 -1.857957
5420767503177 -8.375174 0.181965 -2.382303
5421027472138 -10.307353 0.543500 -3.799714
5421287440932 -9.196409 -0.656031 -1.881900
5421547408462 -9.931452 -0.600963 -2.451737
5421807376156 -10.221159 0.385478 -2.387092
5422067347784 -8.892337 0.342381 -2.798907
5422327319512 -9.124581 0.567443 -6.124555
5422587288409 -8.150111 0.191542 -2.372726
5422847255804 -11.054367 0.112531 -2.324841
5423107226365 -8.521224 0.071828 -1.891477
5423367197694 -12.100665 -0.550683 -2.174001
5423627167057 -7.632948 -0.131685 -3.505218
5423887134553 -10.611426 0.038308 -5.408667
5424147102881 -7.884347 0.246610 -3.165231
5424407071709 -10.472558 0.646454 -4.551517
5424667039971 -8.600235 -0.861939 -2.695953
5424927007367 -9.854836 -0.749408 -2.734262
5425186976928 -9.873989 0.301679 -2.015979
5425446948390 -8.964165 -0.320833 -2.401458
5425706918686 -9.414289 0.181965 -4.903475
5425966885950 -8.715160 -0.732648 -2.236253
5426226854078 -10.893950 0.081405 -2.372726
5426486822939 -8.454185 0.167599 -1.601770
5426746791567 -12.404737 -0.766168 -2.513988
5427006758830 -7.716748 -0.129291 -2.446949
5427266727592 -11.339286 -0.102954 -3.445361
5427526699552 -7.944204 0.550683 -2.779753
5427786671146 -10.309748 0.189148 -3.368745
5428046638643 -8.985713 0.308861 -2.169213
5428306606705 -10.158908 -0.586597 -2.746233
5428566578132 -9.945818 0.454912 -1.484450
5428826549428 -9.237112 0.581809 -4.005622
5429086517359 -8.341654 0.548289 -6.569890
5429346484820 -8.576292 -0.629694 -2.470892
5429606453647 -9.253872 0.732648 -5.305713
5429866422508 -8.004061 -0.186753 -2.413429
5430126390172 -11.703216 -0.308861 -1.687964
5430386357701 -7.872375 -0.620117 -1.735849
5430646328695 -12.002500 0.131685 -2.513988
5430906465338 -7.946598 0.040703 -2.025557
5431166434268 -11.470970 0.260976 -3.981679
5431426401697 -6.929031 0.167599 -3.778166
5431686370157 -10.891556 0.074223 -2.935381
5431946339052 -8.834874 -0.861939 -1.245023
5432206307115 -10.345661 0.948133 -3.174809
5432466274544 -9.787795 -0.768562 -1.948940
5432726244906 -9.146130 -0.282524 -1.707118
5432986216702 -9.083879 1.671204 -5.355993
5433246187130 -7.762239 -0.021548 -3.076643
5433506154425 -9.816526 -0.090982 -4.082239
5433766123621 -8.435030 -0.486038 -1.924997
5434026095016 -11.729552 -0.167599 -1.573039
5434286065778 -8.250671 0.040703 -2.109356
5434546032975 -11.916306 0.189148 -3.203540
5434806000936 -7.343241 0.495615 -2.980872
5435065969796 -10.939442 0.296890 -4.300117
5435325938657 -8.063917 0.263370 -2.245830
5435585905955 -10.597060 1.235446 -4.359974
5435845874183 -9.680053 -0.507586 -1.261783
5436105845744 -9.878778 -0.208302 -2.047105
5436365816940 -8.904308 1.302485 -3.251425
5436625784537 -9.433443 0.440547 -2.547508
5436885752131 -9.268238 0.150839 -6.076670
5437145720992 -8.068707 -0.052674 -2.324841
5437405689786 -10.278622 0.790111 -3.165231
5437665657418 -7.999272 -0.179571 -2.449343
5437925625012 -12.241927 -1.075029 -2.899467
5438185596674 -7.491686 0.311256 -2.966506
5438445568535 -11.339286 -0.021548 -4.010410
5438705537298 -8.150111 0.373507 -3.778166
5438965504794 -10.257073 0.407027 -4.015199
5439225475188 -8.801354 -0.996018 -4.051113
5439485446484 -9.445415 -0.493221 -3.426207
5439745415980 -9.445415 -0.160416 -1.936968
5440005383376 -9.100638 0.172388 -2.762993
5440265351704 -8.674458 -0.533923 -5.741471
5440525320632 -8.662486 0.373507 -3.244242
5440805286394 -9.900327 0.509981 -3.395082
5441065253756 -8.241094 0.512375 -2.808484
5441325223618 -11.758284 0.256187 -3.567469
5441585194980 -7.046351 0.466884 -4.443774
5441845165042 -10.343267 0.909824 -4.477294
5442105132406 -8.059129 1.118126 -3.392687
5442365100500 -10.233130 1.041510 -3.881119
5442625069361 -9.359221 -0.742225 -3.277762
5442885037923 -8.818114 0.263370 -2.667222
5443145005286 -8.684034 1.989642 -6.684815
5443405240982 -8.327288 0.296890 -2.667222
5443665646147 -10.992116 -0.232245 -3.189174
5443925917577 -8.300951 0.007183 -1.953728
5444185885041 -12.320938 0.055068 -2.827639
5444445853137 -8.111803 0.792505 -2.715108
5444705824531 -10.237919 1.340794 -4.587430
5444965629260 -7.374366 1.015172 -4.697567
5445225596991 -9.981731 0.361535 -4.024776
5445485564453 -8.976136 0.474066 -1.802889
5445745700081 -9.747093 0.593780 -2.971295
5446005668842 -9.081485 -0.131685 -4.012805
5446265636439 -8.662486 -0.426181 -3.363956
5446525604201 -9.055147 1.482056 -7.122968
5446785575395 -7.946598 -0.179571 -3.373533
5447045546691 -10.297776 -0.258582 -4.836435
5447305515288 -8.578687 -0.691945 -2.545114
5447565482683 -11.913912 -0.490826 -2.937775
5447825451278 -7.716748 0.272947 -2.877918
5448085420307 -10.671283 0.430969 -5.372753
5448345499982 -7.561120 0.316044 -4.324060
5448605467445 -9.809344 -0.162811 -4.333637
5448865437674 -8.425453 -0.548289 -2.310475
5449125409501 -10.149331 0.040703 -3.605778
5449385379663 -9.249084 -1.513182 -2.257801
5449645347092 -9.335278 -1.000807 -2.296109
5449905316487 -9.035994 1.060664 -5.281770
5450165287916 -8.356019 -0.007183 -3.684789
5450425258345 -9.026416 -0.126897 -6.167652
5450685225642 -7.977724 -0.375901 -3.371139
5450945193669 -11.394354 -0.009577 -1.994431
5451205162496 -7.853221 -0.246610 -2.437372
5451465131392 -12.174888 -1.834015 -1.946545
5451725098622 -7.817307 -0.169994 -2.928198
5451985067183 -10.415095 0.086194 -5.559506
5452245038644 -7.719142 0.174782 -3.711126
5452505009807 -10.355239 0.445335 -4.348003
5452764977172 -8.739103 0.296890 -2.545114
5453024944967 -9.955395 -0.253793 -2.770176
5453284913794 -9.526819 0.359141 -2.272167
5453544882655 -9.364009 -0.201119 -2.293715
5453804850085 -9.150918 1.022355 -4.874743
5454064817846 -8.693612 -0.158022 -2.755810
5454324789607 -9.589070 1.017567 -4.573065
5454584761336 -8.061523 -0.122108 -3.117346
5454844729866 -11.971375 -1.316851 -1.237840
5455104697395 -7.898713 -0.603357 -2.341601
5455364668190 -10.913105 0.316044 -4.647287
5455624639353 -7.647314 -0.076617 -3.093403
5455884608616 -10.570724 0.768562 -4.644893
5456144576012 -8.825297 -0.533923 -2.214704
5456404544439 -9.684841 -0.737437 -2.751022
5456664513267 -8.679246 -0.299284 -3.861965
5456924481530 -9.012051 -0.057463 -3.014392
5457184449060 -7.877164 0.797293 -7.398309
5457444418788 -8.209969 -0.332804 -3.756617
5457704390117 -9.974549 1.324034 -3.919428
5457964360280 -8.530801 -0.988836 -1.666415
5458224327610 -11.090281 -0.797293 -2.442160
5458484295670 -7.972935 -0.409421 -3.028758
5458744264631 -11.281823 -0.665608 -3.284945
5459004233193 -7.903501 0.368718 -4.046324
5459264200490 -10.735929 -0.634483 -4.201952
5459524169451 -7.082265 0.502798 -4.774184
5459784141313 -10.101445 0.402238 -5.336839
5460044112809 -8.231517 0.416604 -3.600989
5460304080305 -10.101445 0.181965 -2.758204
5460564048233 -9.871595 -1.146858 -2.681588
5460824019794 -9.167678 -0.289707 -3.419024
5461083991024 -9.172467 0.816448 -4.977697
5461343958855 -8.545167 0.529135 -3.739857
5461603926384 -9.598648 -0.203513 -4.307301
5461863895278 -8.291373 -0.919402 -1.946545
5462123864173 -11.066339 -0.835602 -2.121327
5462383831904 -8.135746 0.418998 -2.846793
5462643799366 -11.205206 0.888276 -4.984880
5462903770461 -7.321692 0.162811 -5.470918
5463163741690 -9.629773 0.153234 -4.951360
5463423710486 -8.674458 0.488432 -2.820456
5463683677949 -10.118205 -0.076617 -3.011998
5463943646443 -10.051166 -0.600963 -1.793312
5464203615304 -8.813326 -0.287313 -3.306494
5464463583400 -8.818114 0.459701 -6.991282
5464723550862 -8.118986 -0.225062 -3.476487
5464983521158 -11.844478 -0.129291 -2.166819
5465243493052 -8.420665 -0.577020 -2.176396
5465503463248 -10.673677 -0.536318 -3.031152
5465763430644 -8.504464 0.201119 -4.110970
5466023399939 -9.337671 -0.090982 -4.065479
5466283371267 -8.535589 -0.002394 -4.587430
5466543342029 -8.731920 -0.344776 -3.284945
5466803309226 -10.352844 -0.782928 -3.414236
5467063277188 -8.564321 0.249005 -3.548315
5467323246082 -9.270632 0.098165 -3.304099
5467583214910 -9.864412 0.134079 -2.873130
5467843182107 -9.399923 -0.198725 -3.050306
5468103150568 -9.493299 -0.021548 -3.014392
5468363121995 -9.842864 0.210696 -3.119740
5468623093291 -9.440625 0.177176 -3.306494
5468883203542 -9.450203 -0.210696 -2.442160
5469143171203 -9.586677 -0.193936 -3.126923
5469403140131 -9.785401 0.131685 -2.535537
5469663108892 -9.488511 0.493221 -2.968901
