# Created at Mon Sep 23 21:42:32 GMT+09:00 2024
1590383937597485 -0.742074 9.115458 4.651049
1590384205636131 -1.068994 8.094321 4.323831
1590384473675194 -0.933201 8.662915 4.121338
1590384741714829 -0.596710 9.544072 5.886343
1590385009754933 -0.382553 7.416255 5.009673
1590385277795558 -0.746860 9.182457 4.900202
1590385545836756 -1.104886 7.916056 5.266304
1590385813878475 -1.022334 9.377771 5.708677
1590386081920715 0.349651 8.575577 3.163311
1590386349963527 -0.661915 8.640183 4.962415
1590386618006756 -1.337588 8.084749 5.347959
1590386886050454 -1.124028 8.379366 5.364708
1590387154094569 -0.757627 8.228618 4.896613
1590387422139152 -1.117448 8.619246 4.977968
1590387690184204 -1.733301 7.528718 4.924728
1590387958229725 -0.836591 8.238788 4.265805
1590388226275715 -0.648754 8.342277 5.280062
1590388494322121 -0.673879 8.408080 3.905984
1590388762368944 -1.127618 8.961719 4.029812
1590389030416235 -0.570987 8.316554 3.689433
1590389298463892 -0.757627 8.350652 6.827321
1590389566511912 -0.106481 8.408678 3.215355
1590389834560350 -1.803291 8.464910 5.122136
1590390102609100 -0.712762 7.928020 3.831208
1590390370658215 -0.166899 8.901898 4.368696
1590390638707642 -0.148953 8.256734 3.885645
1590390906757329 -1.788934 8.422437 5.635098
1590391174807381 -0.285045 8.646764 3.803691
1590391442857694 -0.709771 9.085547 4.533203
1590391710908267 -0.192622 8.454740 3.586243
1590391978959100 -1.430011 8.583354 4.075874
1590392247010194 -0.785743 9.127422 3.763013
1590392515061496 -0.495613 8.030313 4.404588
1590392783113058 -0.431605 8.458329 4.070490
1590393051164829 -1.467099 8.754740 3.542574
1590393319216808 -1.027119 8.721240 4.361517
1590393587268944 0.223729 8.748159 3.895814
1590393855321340 -0.567398 8.885747 4.203292
1590394123373892 -1.054038 9.102298 3.191427
1590394391426652 -0.524925 8.884550 3.681059
1590394659479569 -0.261416 8.898908 3.958626
1590394927532694 -0.424427 8.677272 4.278965
1590395195585975 -0.508774 9.131609 2.763411
1590395463639412 -0.429213 9.297013 3.622135
1590395731693006 -0.101097 9.371789 4.308277
1590395999746704 -0.208774 9.116056 3.869493
1590396267800610 -0.397508 9.011969 2.604288
1590396535854621 -0.834796 9.436994 3.256033
1590396803908787 -0.001196 9.395119 2.446661
1590397071963110 -0.160319 9.308977 3.853940
1590397340017537 -1.195813 8.393723 3.963412
1590397608072121 -1.028914 9.891331 3.511467
1590397876126860 -0.562612 8.289037 4.347160
1590398144181704 -0.390329 9.714561 3.944867
1590398412236704 -0.422632 8.276474 2.880659
1590398680291860 -1.104288 10.381859 5.008477
1590398948347173 -0.624826 6.900900 4.627719
1590399216402642 -0.900300 9.854242 5.102993
1590399484458215 -0.466900 7.389336 4.484748
1590399752513944 -1.459921 10.197014 4.927719
1590400020569777 -1.008575 6.503094 5.021039
1590400288625767 -1.412663 10.024133 5.557331
1590400556681912 -1.011566 7.636095 4.013661
1590400824738215 -1.139582 10.517951 4.723432
1590401092794621 -0.407677 6.547361 3.861717
1590401360851183 -1.006780 10.676476 4.975575
1590401628907850 -0.666700 7.347461 3.879663
1590401896964725 -0.362812 10.775180 4.858327
1590402165021704 -0.976870 6.681957 3.761816
1590402433078840 -0.937388 11.074581 5.062913
1590402701136183 -0.845863 7.455736 3.640680
1590402969193631 -0.006580 11.770594 4.112963
1590403237251235 -0.639781 7.020841 3.413362
1590403505308996 -1.387239 10.934302 4.267001
1590403773366912 -0.569791 7.966903 2.629413
1590404041424933 -0.172283 11.168500 4.927121
1590404309483162 -0.108275 7.527521 2.885445
1590404577541496 -1.358525 9.838090 4.445266
1590404845599985 -0.669691 7.780861 3.144169
1590405113658579 -0.405284 9.590733 4.703691
1590405381717329 -0.214756 7.802396 3.123232
1590405649776183 -1.863111 8.194520 6.039783
1590405917835194 -0.797109 8.361420 3.585645
1590406185894308 -0.592523 8.377571 4.943273
1590406453953579 -0.302393 8.793025 2.966801
1590406722012954 -1.529313 8.700901 4.509872
1590406990072433 -0.604487 8.664710 3.375674
1590407258132017 -0.004786 9.141779 4.092624
1590407526191756 -0.456730 8.864211 4.022036
1590407794251548 -0.484846 9.040682 4.251448
1590408062311496 -1.454537 9.712767 3.580261
1590408330371496 -0.608674 8.787043 3.896413
1590408598431600 -0.958924 9.797113 3.617350
1590408866491860 -0.964308 8.748159 2.571387
1590409134552173 -1.337588 10.838590 4.515256
1590409402612590 -1.492224 7.553842 4.466802
1590409670673110 -1.162314 9.879367 4.024428
1590409938733683 -0.368196 8.370991 3.644269
1590410206794412 -1.413261 9.773783 3.788137
1590410474855246 -0.905683 7.230213 4.822435
1590410742916131 -0.786940 9.783953 4.520640
1590411010977173 -1.398605 7.563413 4.094419
1590411279038267 -2.196611 10.147363 4.655835
1590411547099517 -1.045065 6.441179 4.851149
1590411815160923 -0.810868 10.283155 4.950451
1590412083222381 -0.655932 7.802396 3.690032
1590412351284048 -1.733899 10.029516 4.246064
1590412619345767 -0.812064 6.288039 4.396811
1590412887407694 -0.188435 10.613066 4.539783
1590413155469725 -0.372383 7.449156 4.586443
1590413423531912 -0.968495 9.876375 4.885247
1590413691594256 -2.258825 6.438787 5.877969
1590413959656756 -1.430011 9.883554 4.542176
1590414227719360 -1.278964 7.499405 4.640281
1590414495782173 -1.633401 9.841082 4.934897
1590414763845090 -1.685444 6.975078 4.448257
1590415031908215 -0.666700 9.760024 4.586443
1590415299971444 -1.886442 7.701898 5.363512
1590415568034881 -1.911566 10.111470 5.223831
1590415836098423 -0.456730 7.026225 4.596612
1590416104162121 -0.571586 10.013963 3.503690
1590416372225975 -0.479462 7.837092 3.694219
1590416640289985 -1.134796 10.365707 4.436293
1590416908354152 -0.575773 7.831110 3.434299
1590417176418475 -0.299402 9.510572 4.399803
1590417444482902 -0.465105 8.412267 3.232105
1590417712547537 -0.958325 9.952946 3.703192
1590417980612277 -0.067597 9.076574 3.172285
1590418248677173 -0.127418 9.385548 3.318247
1590418516742225 -0.263809 9.273085 2.313859
1590418784807381 -0.634397 9.895518 4.060919
1590419052872642 -0.031107 8.668299 3.090929
1590419320938110 -0.512961 9.542277 4.415954
1590419589003631 -0.674477 8.705687 3.435495
1590419857069308 -1.201197 9.975080 3.882654
1590420125135090 -0.380160 8.583952 4.002295
1590420393200923 -0.584746 9.430413 4.228117
1590420661266912 -0.663111 9.062816 3.887439
1590420929333006 -1.027119 9.912268 3.831806
1590421197399152 -0.640379 7.811968 4.141677
1590421465465402 -0.496810 10.057034 3.905386
1590421733531808 -0.780359 8.137691 3.547958
1590422001598215 -0.898505 10.468898 4.706682
1590422269664777 -0.341276 7.914859 3.184847
1590422537731340 -0.410070 10.504192 3.419343
1590422805798058 -0.545264 8.121839 2.907579
1590423073864829 -1.049851 10.407881 4.528417
1590423341931652 -1.281955 6.844669 3.545565
1590423609998579 -0.848854 10.367502 4.548158
1590423878065558 -1.127020 7.505986 3.842574
1590424146132642 -1.537089 10.583156 5.622535
1590424414199829 -0.457926 6.557530 3.926323
1590424682267017 -1.188036 10.577771 4.759324
1590424950334308 -1.376471 6.879365 3.369094
1590425218401652 -1.526920 11.347363 4.755735
1590425486469100 -0.746860 6.789634 3.358925
1590425754536600 -0.972084 11.172688 3.876672
1590426022604152 -0.772583 7.508976 2.305485
1590426290671756 0.051446 11.928520 3.039184
1590426558739412 -0.491426 7.325327 2.650948
1590426826807121 -0.232702 11.619845 3.422933
1590427094874933 -0.725923 7.574181 2.962015
1590427362942798 -0.456730 11.093125 4.755137
1590427631010662 -0.424427 6.756135 2.749652
1590427899078631 -0.061017 12.072987 3.519842
1590428167146652 -0.260818 7.211070 2.137389
1590428435214673 0.314357 12.409777 3.815057
1590428703282746 0.165703 7.194320 2.949453
1590428971350871 -0.738485 11.121242 4.453641
1590429239418996 -0.921835 7.658827 2.555834
1590429507487173 -0.140578 11.867503 3.215355
1590429775555402 -0.706182 7.136294 3.021238
1590430043623631 -0.687039 11.660523 4.504488
1590430311691912 -0.383151 7.336693 2.564807
1590430579760246 0.627219 12.074183 3.628117
1590430847828579 -0.551845 7.068099 3.517449
1590431115896965 -0.018544 11.630613 3.749254
1590431383965402 -0.856631 7.401299 2.548655
1590431652033892 0.547657 12.359528 4.308876
1590431920102381 -0.727717 7.202097 2.921337
1590432188170923 -1.063610 11.169098 3.578466
1590432456239465 0.004786 7.604989 2.631806
1590432724308006 0.008375 11.993725 3.329015
1590432992376600 -0.169890 7.531110 2.866302
1590433260445246 -0.582353 11.958430 3.242275
1590433528513892 -0.246461 7.599007 1.509572
1590433796582590 0.526122 11.800504 3.287738
1590434064651340 -1.007378 7.248757 3.023032
1590434332720142 -0.218943 11.741282 3.394219
1590434600789048 -0.957129 7.483852 2.359921
1590434868857954 0.355035 12.193824 3.227918
1590435136926912 -0.383749 7.178169 2.200799
1590435404996027 -0.394517 11.783156 3.491128
1590435673065142 -0.152542 7.729415 2.826821
1590435941134360 0.567996 12.184851 4.058527
1590436209203683 -0.360419 7.321738 2.883052
1590436477273110 -0.096909 12.002099 3.266203
1590436745342590 -0.233300 7.774879 1.386042
1590437013412121 0.233300 12.203396 2.937489
1590437281481808 -0.306580 7.254739 3.108277
1590437549551600 0.473480 11.464611 4.283153
1590437817621444 -0.334098 7.558628 2.480759
1590438085691340 -0.230309 11.049457 4.925326
1590438353761392 -0.214158 6.629315 3.946662
1590438621831548 -0.956531 10.791331 4.588237
1590438889901808 -1.143171 7.234400 4.048357
1590439157972173 -0.877568 9.983455 5.244768
1590439426042590 -1.092922 6.598208 4.891827
1590439694113162 -0.653540 10.501800 5.367101
1590439962183840 -1.342972 7.011569 4.839185
1590440230254621 -1.547857 10.109077 5.327919
1590440498325506 -2.210968 6.486344 5.268696
1590440766396496 -0.838983 10.027123 4.278965
1590441034467590 -1.153340 7.917850 3.282354
1590441302538787 -1.391426 10.289736 4.507480
1590441570610090 -0.289232 7.340881 4.057330
1590441838681496 -0.616451 9.640982 5.219644
1590442106753006 -0.777368 8.279466 3.355934
1590442374824569 -1.486242 10.179666 4.304090
1590442642895900 -0.120239 7.623533 4.706084
1590442910969233 -1.051047 10.054641 4.829015
1590443179041108 -1.066002 7.888538 3.297310
1590443447113140 -1.201197 10.208978 4.090829
1590443715185275 0.166301 8.443972 3.302095
1590443983257515 0.072383 9.706186 3.303890
1590444251329858 -1.040280 8.864211 2.840580
1590444519402306 -0.343071 10.387542 3.128017
1590444787474910 -0.077169 8.680264 3.105286
1590445055547567 -0.262612 9.563215 3.874877
1590445323620327 -1.087538 9.095717 1.929512
1590445591693192 -1.142573 9.924232 3.135794
1590445859766160 -0.341276 8.504391 3.818646
1590446127839233 0.175872 9.959526 3.414558
1590446395912358 -1.223929 8.891729 2.597708
1590446663985640 -1.190429 9.942178 3.780959
1590446932058973 -0.270987 8.571390 3.541378
1590447200132410 -0.450150 9.767203 3.470789
1590447468205952 -0.693021 9.044271 2.371886
1590447736279598 -1.215554 10.057631 3.774379
1590448004353296 -0.441177 8.366803 3.355934
1590448272427098 -0.326919 9.670892 3.111866
1590448540501004 -0.783949 8.740981 2.711367
1590448808575015 -1.271785 10.304690 3.357728
1590449076649129 -0.542273 8.188539 3.725924
1590449344723348 -0.587737 9.663713 3.585047
1590449612797619 -0.393320 8.941978 2.425126
1590449880871994 -1.231107 10.510773 3.296711
1590450148946525 -0.148953 8.588737 3.215954
1590450417021108 -0.224925 9.768997 2.880659
1590450685095796 -0.812662 8.670691 2.431706
1590450953170535 -0.825823 10.243673 2.126023
1590451221245379 0.397508 8.651549 3.396013
1590451489320275 0.320339 10.006784 2.566003
1590451757395223 -0.789931 9.332308 1.644766
1590452025470223 -0.569193 9.810872 2.668895
1590452293545275 -0.082552 9.168100 3.444468
1590452561620327 -0.040678 9.416655 2.204986
1590452829695483 -0.847657 9.518948 2.486741
1590453097770640 -0.827019 9.972687 3.692425
1590453365845848 0.167498 8.924032 4.744967
1590453633921056 -0.023928 9.269496 2.878865
1590453901996317 -1.351945 8.953344 3.315256
1590454170071629 -0.444168 9.254840 3.441477
1590454438146942 -0.013161 9.702597 2.554039
1590454706222254 -0.011366 8.782257 3.021238
1590454974297671 -1.486840 9.411270 3.482753
1590455242373035 -1.120439 9.285647 3.730111
1590455510448504 -0.296411 8.898908 3.037389
1590455778523973 0.382553 8.826525 2.907579
1590456046599442 -1.580160 8.882157 4.145864
1590456314675015 -0.923630 8.740981 4.275974
1590456582750587 -0.048455 9.352048 2.577369
1590456850826212 0.173480 8.612068 2.566003
1590457118901890 -1.542473 9.393923 3.411567
1590457386977619 -0.737887 8.854042 3.133999
1590457655053452 -0.405883 8.688040 3.816851
1590457923129337 -0.145962 8.069196 3.049353
1590458191205327 -1.249652 9.315557 4.086044
1590458459281421 -0.782752 8.510971 2.583351
1590458727357619 -0.068794 9.888340 3.555734
1590458995433921 -0.990629 8.178967 3.507280
1590459263510327 -1.668695 10.109077 3.291926
1590459531586837 -0.171087 8.586345 1.914557
1590459799663452 -0.502792 10.001999 4.240680
1590460067740171 -0.202194 8.266305 2.479563
1590460335816994 -1.752443 9.297611 4.341777
1590460603893869 -0.500399 8.292027 2.909971
1590460871970848 -0.658325 9.744472 4.758726
1590461140047983 0.117847 8.147262 2.190031
1590461408125119 -1.929512 9.372387 4.754539
1590461676202358 -0.406481 8.405686 3.287140
1590461944279702 -1.374078 9.027522 5.070690
1590462212357150 0.049651 8.375776 3.240480
1590462480434598 -2.170290 9.120842 4.561318
1590462748512150 -0.837787 8.318947 3.761218
1590463016589806 -0.652941 8.953942 4.259822
1590463284667515 -0.259621 8.485847 3.090929
1590463552745275 -2.077568 8.877970 5.342575
1590463820823140 -0.568594 8.804391 3.163311
1590464088901108 -0.530908 8.935398 3.847958
1590464356979077 -0.131605 8.942576 2.599503
1590464625057150 -1.790729 9.277871 3.677469
1590464893135275 -0.517149 8.689835 2.627618
1590465161213504 -0.273978 8.683254 4.005884
1590465429291785 -0.159123 8.863613 2.973979
1590465697370119 -2.346761 8.675478 4.731807
1590465965448556 -0.854836 8.740981 4.144668
1590466233526994 -0.827019 8.171788 5.389833
1590466501605535 0.267996 8.568398 2.685046
1590466769684129 -1.680659 9.521938 3.938885
1590467037762827 -0.894916 8.527122 3.535395
1590467305841525 0.110668 8.686844 3.696612
1590467573920327 -0.113659 8.590532 2.176272
1590467841999129 -1.909772 9.507582 3.924528
1590468110078035 -0.712164 8.566006 3.294917
1590468378156994 -0.403490 8.867801 4.117150
1590468646235952 -0.198604 8.666505 2.770590
1590468914315015 -2.157728 9.031111 4.467400
1590469182394077 -0.666700 8.436195 3.859324
1590469450473244 -0.429811 8.501998 5.077271
1590469718552410 -0.145962 8.490034 3.101696
1590469986631681 -1.976472 9.304790 4.343571
1590470254710952 -1.030708 8.452945 3.265605
1590470522790275 -0.559023 8.950353 4.788935
1590470790869702 -0.000598 8.481659 3.040978
1590471058949129 -1.537688 8.998210 4.342375
1590471327028556 -0.559023 8.190332 3.774379
1590471595108087 -1.240080 8.944371 5.216652
1590471863187619 0.183051 7.950751 2.319842
1590472131267202 -1.675873 10.444372 4.024428
1590472399346785 -0.390329 8.173583 2.720938
1590472667426421 -0.004786 11.523535 3.345166
1590472935506056 -0.298206 7.744370 2.612065
1590473203585692 -1.100698 11.444272 3.191427
1590473471665379 -0.602094 7.684550 2.380858
1590473739745119 -0.158524 12.401402 3.238087
1590474007824858 -0.288036 7.570592 2.809473
1590474275904598 -0.270987 11.993126 3.118446
1590474543984337 0.068195 8.050652 1.366302
1590474812064129 0.474078 11.959028 2.654538
1590475080143921 -0.242273 7.534101 2.778366
1590475348223765 -0.127418 11.893226 3.078067
1590475616303556 -0.228515 7.886744 2.275574
1590475884383348 -0.179462 12.036796 3.004488
1590476152463192 -0.391526 7.148857 3.567698
1590476420542983 -0.183649 11.382657 3.844369
1590476688622827 -0.358624 7.510771 2.908775
1590476956702619 0.019741 12.069397 3.521637
1590477224782462 -0.180060 6.609574 2.883650
1590477492862306 -0.537488 11.006984 4.362714
1590477760942098 -0.927817 7.349854 3.768397
1590478029021890 -1.212563 10.899607 4.190730
1590478297101733 -0.432204 6.831509 3.652345
1590478565181525 -1.006780 10.416256 4.686343
1590478833261317 -1.019941 7.243971 3.892823
1590479101341160 -1.999203 10.547861 4.665406
1590479369420952 -1.439582 6.669395 3.726522
1590479637500744 -1.546063 9.805488 4.795516
1590479905580535 -0.925424 7.944171 3.072683
1590480173660275 -1.554437 10.291531 4.135695
1590480441740067 -0.631406 7.453942 3.678067
1590480709819806 -1.006780 10.118649 4.187739
1590480977899546 -0.879961 8.081758 3.216552
1590481245979233 -1.206581 10.289736 3.651148
1590481514058921 -0.772583 7.683353 3.063112
1590481782138608 -1.200599 9.602098 3.974179
1590482050218296 -0.515952 8.171788 2.391028
1590482318297931 -1.056431 10.559227 3.871288
1590482586377567 -0.382553 8.046464 3.073880
1590482854457202 -0.395713 10.040882 3.518048
1590483122536837 -0.695414 8.721839 2.544468
1590483390616421 -1.404886 9.632009 3.739084
1590483658696004 -0.118445 9.153743 3.797110
1590483926775535 -0.639781 9.536296 3.019443
1590484194855119 -1.208974 8.858828 2.691626
1590484462934650 -0.749851 10.050453 2.750849
1590484731014181 -0.141177 9.331111 3.944269
1590484999093712 0.254836 9.223135 2.385046
1590485267173192 -1.413859 9.410672 2.687439
1590485535252671 -1.070788 9.568001 3.513262
1590485803332150 0.205783 9.292826 3.211766
1590486071411629 0.362214 9.872787 2.392225
1590486339491056 -1.254437 9.202198 2.613860
1590486607570483 -0.827019 8.980264 2.842973
1590486875649910 0.031705 9.448957 4.072285
1590487143729285 -0.232104 9.136395 2.871686
1590487411808712 -1.226322 9.156136 3.599403
1590487679888087 -0.752842 9.239286 3.923332
1590487947967462 -0.915255 9.257831 4.746164
1590488216046890 0.073579 9.032308 3.177070
1590488484126265 -1.603490 8.944969 2.984747
1590488752205587 -1.161117 9.483055 3.625725
1590489020284962 -0.094516 9.075378 4.546363
1590489288364337 -0.288036 9.134003 2.905784
1590489556443712 -2.110470 9.133404 3.435495
1590489824523140 -0.839582 9.007183 4.083651
1590490092602515 -0.219541 9.621241 3.273980
1590490360681890 -0.031107 9.244670 3.308676
1590490628761317 -1.930111 8.965308 3.687041
1590490896840744 -0.794716 8.839685 4.480560
1590491164920171 0.010169 9.453145 3.696014
1590491432999650 -0.155533 8.290234 2.671885
1590491701079129 -2.074577 9.205189 4.395615
1590491969158660 -0.976272 8.414660 2.982354
1590492237238192 -0.677468 9.223733 5.323133
1590492505317723 0.014955 8.778069 2.120041
1590492773397306 -1.637588 8.906684 4.648058
1590493041476890 -0.647558 8.649157 3.572484
1590493309556525 -0.483051 8.424829 5.311169
1590493577636160 0.425025 8.419446 3.522235
1590493845715848 -1.720140 8.933005 4.114758
1590494113795535 -0.423230 8.515757 3.468396
1590494381875223 -0.398106 8.554042 5.020441
1590494649954910 -0.035294 8.662915 2.392225
1590494918034650 -1.747060 8.714660 4.489533
1590495186114390 -0.679263 8.306385 3.228516
1590495454194129 -0.192024 8.499605 5.194519
1590495722273921 0.132802 8.333902 3.194418
1590495990353660 -2.013560 8.472686 5.479564
1590496258433452 -0.572184 8.082955 3.094518
1590496526513244 -0.976870 8.928220 4.577470
1590496794592983 -0.537488 8.187342 2.362314
1590497062672775 -1.509572 10.034900 4.417749
1590497330752567 -0.178265 8.098508 2.585146
1590497598832306 -0.070588 11.337193 3.918546
1590497866912046 -0.291625 7.629515 2.877668
1590498134991837 -0.576371 10.749456 3.709772
1590498403071577 -0.364008 8.387741 2.218147
1590498671151421 0.276969 12.006885 3.811467
1590498939231212 -0.041874 7.389934 2.536093
1590499207311056 -0.113659 11.251052 4.559524
1590499475390900 -0.130409 7.855637 2.606083
1590499743470744 -0.064008 12.270992 3.163311
1590500011550535 -0.473480 7.648059 2.829812
1590500279630379 -0.895514 11.750853 3.255435
1590500547710223 -0.478265 7.741978 1.570589
1590500815790067 -0.188435 12.732509 4.120739
1590501083869858 0.017348 7.157232 2.252842
1590501351949702 -0.044267 11.882458 3.679264
1590501620029494 -0.457328 7.273283 2.298904
1590501888109285 -0.590728 11.993725 2.984747
1590502156189077 -0.656531 6.600003 3.940082
1590502424268817 -0.135194 11.277373 3.313461
1590502692346762 -1.030708 7.196115 3.869493
1590502960426502 -0.772583 10.812268 5.160421
1590503228506189 -1.022932 6.383752 3.638287
1590503496585877 -0.818046 11.036895 4.636692
1590503764665512 -1.087538 6.824928 4.431508
1590504032745148 -1.869692 10.214361 5.677570
1590504300824783 -0.444168 6.790831 4.790132
1590504568904366 -0.013161 8.510373 3.521637
1590504836983950 -1.061217 10.710573 3.710371
1590505105063481 -0.511167 7.764709 2.609074
1590505373143012 -0.595514 9.927223 4.363312
1590505641222543 0.334098 8.244171 3.943671
1590505909302023 -1.176072 8.937791 5.627919
1590506177381502 -0.734297 8.105088 3.063112
1590506445460929 -0.452543 9.538090 5.217251
1590506713540356 -0.310768 7.584051 2.703590
1590506981619783 -1.589732 10.085149 6.419644
1590507249699158 -0.392124 7.871190 2.442474
1590507517778533 0.191426 12.027224 4.331607
1590507785857856 -0.009571 7.684550 2.698207
1590508053937179 -0.287438 11.822638 3.000899
1590508322016502 -0.435793 8.183154 2.008176
1590508590095773 0.513560 12.503695 2.938685
1590508858174991 -0.761217 7.071688 3.139982
1590509126254262 -0.603889 11.850753 4.107579
1590509394333429 -0.943969 7.133902 2.645565
1590509662412596 -1.049851 11.244472 4.399204
1590509930491710 -1.043869 6.253941 3.837190
1590510198570825 -0.773181 11.170295 4.617549
1590510466649835 -0.921237 6.795616 4.051348
1590510734728846 -1.431207 10.059426 4.896014
1590511002807752 -1.210768 6.336493 4.205685
1590511270886710 -1.077368 9.864411 4.320241
1590511538965564 -0.900898 7.494021 4.117150
1590511807044366 -2.015355 9.990633 4.795516
1590512075123168 -0.178265 7.755138 3.959822
1590512343201918 -1.094716 9.797711 4.384848
1590512611280616 -0.453739 8.869596 2.795714
1590512879359262 -1.216152 9.622437 4.121338
1590513147437856 0.058026 9.160323 3.043969
1590513415516450 0.117248 9.236296 3.385246
1590513683594991 -1.829014 8.146066 4.130909
1590513951673481 -0.821635 8.438588 3.875475
1590514219751918 -1.115654 9.001799 4.270590
1590514487830356 0.307777 8.110473 2.489134
1590514755908741 -2.257030 9.697811 5.386244
1590515023987075 -0.519542 8.220243 3.031407
1590515292065460 -0.440578 10.410872 4.858327
1590515560143741 -0.200997 7.899904 2.508875
1590515828222023 -0.609272 11.072188 3.690630
1590516096300304 -0.709771 8.011170 1.666900
1590516364378533 0.411865 12.440285 3.379264
1590516632456762 -0.358026 7.588239 2.670689
1590516900534991 -0.002991 11.630015 3.259623
1590517168613168 -1.205983 7.660622 2.878267
1590517436691293 -0.552443 11.507981 3.329613
1590517704769366 -0.937388 6.658029 3.617948
1590517972847439 -0.927219 10.784153 4.662415
1590518240925460 -1.296312 7.026823 3.317649
1590518509003429 -1.339383 11.111072 5.256134
1590518777081398 -1.074377 6.297012 2.590530
1590519045159262 -1.121636 10.441978 4.933701
1590519313237075 -1.050449 7.179964 3.500101
1590519581314887 -1.678266 10.687243 4.277769
1590519849392648 -0.814457 6.829116 3.772584
1590520117470304 -1.130609 9.943375 3.993322
1590520385547960 -1.053440 7.889734 2.753242
1590520653625564 -1.366302 10.350154 4.104588
1590520921703116 -1.031905 7.680961 3.623930
1590521189780668 -0.673280 10.094721 3.261417
1590521457858168 -0.553041 8.897113 2.545664
1590521725935616 -0.703191 10.277173 3.101098
1590521994013064 -0.394517 9.118449 2.842973
1590522262090460 0.227318 10.287941 2.128416
1590522530167804 -1.098306 9.034700 1.632204
1590522798245148 -1.373480 9.509974 3.815655
1590523066322491 -0.405284 9.267701 3.550351
1590523334399731 0.345464 9.111270 3.589234
1590523602476971 -1.284946 9.268299 3.273381
1590523870554158 -0.737288 8.858230 3.463611
1590524138631346 0.080160 9.457333 4.072883
1590524406708481 0.152542 8.930014 3.063112
1590524674785564 -1.350748 8.834301 4.627121
1590524942862648 -0.410070 9.492028 3.604189
1590525210939679 0.320339 9.356236 4.290929
1590525479016658 0.317946 8.691031 2.584548
1590525747093637 -1.539482 9.082557 4.203890
1590526015170564 -1.018146 7.637890 3.306881
1590526283247491 -0.135194 12.635001 2.952444
1590526551324366 0.105882 7.212266 2.039283
1590526819401189 -1.122234 10.589736 5.236991
1590527087478012 -0.025125 7.838289 2.088934
1590527355554835 -0.557827 11.356337 5.936892
1590527623631606 0.352642 7.348059 2.481357
1590527891708325 0.272184 11.872887 2.972783
1590528159785043 0.575773 7.840084 2.172683
1590528427861762 1.256232 12.855141 2.772384
1590528695938429 0.304188 7.654041 3.698406
1590528964015096 -0.261416 11.018949 3.238087
1590529232091710 -0.165703 7.755138 2.303690
1590529500168325 -0.204586 11.552847 3.518048
1590529768244887 0.059821 7.347461 3.363112
1590530036321450 -0.441177 11.325828 3.347559
1590530304398012 -0.651147 7.784450 2.646163
1590530572474523 -0.909871 11.718550 5.029414
1590530840551033 -1.011566 7.364211 3.766602
1590531108627543 -0.253639 10.752448 3.532404
1590531376704002 -0.815055 7.593024 2.444268
1590531644780512 -1.784148 9.553643 4.086044
1590531912856971 -0.990030 7.621738 3.503690
1590532180933429 -0.192622 10.339985 4.705486
1590532449009887 -0.879362 6.838687 3.369693
1590532717086346 -1.458126 10.378868 5.221438
1590532985162752 -0.571586 7.004390 3.735495
1590533253239210 -0.821037 9.991829 4.676174
1590533521315616 -0.888934 8.036893 2.388037
1590533789392023 -1.520938 10.231709 4.678566
1590534057468429 -0.049651 8.093722 3.002693
1590534325544783 -1.012762 9.945767 4.428516
1590534593621189 -0.400499 8.342875 3.057130
1590534861697543 -1.411466 10.290932 3.880859
1590535129773898 -0.312562 7.887341 3.560520
1590535397850200 -0.984048 9.773185 3.403790
1590535665926554 -0.697209 8.615657 2.539084
1590535934002856 -1.154537 10.003794 3.263212
1590536202079158 -0.239282 8.589336 3.234498
1590536470155408 -0.270987 9.776176 2.826821
1590536738231710 -0.748654 9.264112 1.832005
1590537006307960 -0.776770 10.130613 2.872883
1590537274384210 -0.008375 9.410672 3.052943
1590537542460460 -0.503988 9.696016 3.313461
1590537810536658 -1.360918 9.059825 2.618047
1590538078612908 -1.635195 9.223733 3.933501
1590538346689106 0.370588 8.797213 4.036393
1590538614765304 -0.418445 9.351450 2.467598
1590538882841450 -2.116452 8.866006 4.928916
1590539150917648 -1.070190 8.672486 3.049353
1590539418993793 -0.985245 8.628818 4.939085
1590539687069939 -0.026919 8.705089 3.009872
1590539955146033 -2.228914 8.521739 4.514658
1590540223222179 -0.844068 8.318349 2.883052
1590540491298273 -1.251446 9.593723 5.035995
1590540759374366 -0.015553 8.065009 2.496910
1590541027450408 -1.371686 10.034302 3.363710
1590541295526502 -0.251845 8.628220 2.115853
1590541563602543 -0.028116 11.674283 3.669094
1590541831678533 -0.461516 7.919046 2.544468
1590542099754575 -0.493221 11.487942 2.847758
1590542367830564 -0.415454 8.279466 1.965704
1590542635906554 -0.196211 12.916158 2.898606
1590542903982543 -0.296411 7.587641 1.969293
1590543172058481 -0.197408 11.764013 3.189034
1590543440134418 -0.114257 7.632506 2.022533
1590543708210356 -0.118445 12.522239 3.844967
1590543976286293 -0.913460 7.234400 2.365903
1590544244362231 -0.157328 11.543276 3.556931
1590544512438168 -1.075574 6.865606 2.006382
1590544780514106 -0.380758 12.524034 3.339782
1590545048590043 -0.811466 7.122536 2.395814
1590545316665929 -0.390927 11.790335 3.208775
1590545584741866 -0.611665 7.239784 2.380858
1590545852817804 -0.763610 11.982359 3.897609
1590546120893689 -1.079761 6.707082 3.016452
1590546388969679 -0.850648 11.110474 3.938287
1590546657045616 -1.437787 6.939784 4.140481
1590546925121554 -1.706382 10.722537 4.507480
1590547193197491 -0.916451 6.425626 3.580261
1590547461273481 -0.856032 10.269397 4.642674
1590547729349418 -1.279562 7.407880 3.511467
1590547997425408 -2.217548 10.006186 4.796114
1590548265501398 -0.548256 6.707680 4.141078
1590548533577387 -0.742672 10.547861 4.101597
1590548801653377 -0.400499 8.065607 2.291726
1590549069729366 -1.623829 10.691431 3.727719
1590549337805356 -0.648754 7.782057 3.337988
1590549605881398 -0.713360 9.985847 3.427120
1590549873957439 -0.560818 8.765508 2.254039
1590550142033429 -1.555634 10.224531 3.641876
1590550410109523 0.128016 9.005986 3.291926
1590550678185564 -0.094516 9.884152 2.532504
1590550946261710 -0.825225 9.495618 1.867897
1590551214337804 -1.421038 9.891331 2.747858
1590551482413950 0.410070 9.719945 2.628217
1590551750490148 0.129811 9.337691 2.959024
1590552018566398 -1.534697 8.813962 3.601198
1590552286642596 -0.908076 9.001799 3.499503
1590552554718846 0.307777 8.551649 4.747360
1590552822795096 -0.260219 8.804391 2.616851
1590553090871346 -2.143969 8.402098 5.458627
1590553358947596 -0.654736 9.060423 4.103990
1590553627023898 0.386142 8.217252 5.025825
1590553895100148 0.270987 8.608479 3.200400
1590554163176450 -0.542872 10.082158 3.479762
1590554431252752 -1.067199 7.793423 3.033202
1590554699329054 0.493221 12.757633 2.731706
1590554967405356 -0.513560 7.444969 2.633002
1590555235481658 -0.742672 11.799906 4.071089
1590555503558012 -0.090927 7.480861 1.814657
1590555771634366 0.270389 12.127423 3.754638
1590556039710721 -0.272782 7.531110 2.241477
1590556307787075 -0.527318 11.414362 4.331607
1590556575863481 -0.803091 7.191329 3.067898
1590556843939835 -0.482453 11.768799 4.160820
1590557112016241 -0.817448 7.001399 2.920739
1590557380092648 0.065204 10.815259 4.022036
1590557648169106 -1.073181 6.988238 3.786941
1590557916245512 -1.049253 11.122437 4.667201
1590558184321971 -0.716949 6.498308 3.891627
1590558452398429 -1.451546 9.552447 4.488935
1590558720474835 -1.069592 7.801798 3.680460
1590558988551293 -1.373480 10.262816 3.354737
1590559256627804 -0.611067 8.549256 3.610769
1590559524704262 -0.227318 10.113863 3.196811
1590559792780773 -0.186042 9.336494 1.509572
1590560060857283 -1.561616 9.414262 2.732903
1590560328933793 0.505783 9.445368 2.767000
1590560597010304 -0.111266 9.041879 2.660520
1590560865086866 -2.816651 8.594720 4.918148
1590561133163377 -0.743869 8.372786 3.617948
1590561401239939 -0.659522 8.397312 5.748158
1590561669316502 -0.104088 8.149056 2.795116
1590561937393064 -2.101496 9.220742 4.947460
1590562205469627 -0.277567 8.244171 2.811268
1590562473546189 -0.498006 10.246665 4.020839
1590562741622782 -0.373579 8.031509 3.163311
1590563009699344 -0.574577 11.026127 3.270390
1590563277775907 -0.320937 8.231609 2.005185
1590563545852469 0.284447 11.987144 3.928716
1590563813929032 -0.069392 7.693523 2.768197
1590564082005646 -0.131007 11.671291 3.545565
1590564350082209 -0.355633 7.931011 2.006980
1590564618158823 0.231506 11.439487 3.480959
1590564886235438 -0.901496 7.022037 3.913760
1590565154312053 -0.469292 10.929517 3.486343
1590565422388719 -0.827618 7.539485 3.578466
1590565690465386 -1.122234 10.310673 4.508676
1590565958542105 0.066401 7.229615 3.152544
1590566226618823 -0.824028 9.694820 4.631308
1590566494695594 -0.629611 7.981858 2.836392
1590566762772365 -0.782154 10.512568 4.606184
1590567030849188 -0.234497 7.484450 3.174079
1590567298926063 -0.277567 9.603294 4.737789
1590567567002938 -1.296312 7.851449 3.687041
1590567835079865 -1.400998 10.387542 3.583850
1590568103156844 -0.035892 8.263314 2.886043
1590568371233823 -0.378963 9.851251 2.688037
1590568639310803 -0.813859 9.410074 1.216750
1590568907387834 -1.396810 9.937990 3.774977
1590569175464865 0.250050 9.251849 2.506482
1590569443541948 0.090927 9.492028 2.517848
1590569711619032 -1.583151 8.591729 3.529413
1590569979696167 -0.785743 8.556435 3.390032
1590570247773355 -0.938585 8.605488 4.727619
1590570515850490 -0.233300 8.642576 3.222534
1590570783927730 -1.866701 9.062816 4.403990
1590571052004917 -0.491426 8.056634 3.171088
1590571320082157 0.211167 8.469695 4.863113
1590571588159448 0.278764 8.535498 2.786143
1590571856236740 -1.477269 9.779765 5.120940
1590572124314032 -0.471087 8.091928 2.863909
1590572392391323 -0.074776 10.519148 4.632504
1590572660468667 -0.032901 8.231010 2.225923
1590572928546063 -0.670888 10.572986 3.764209
1590573196623407 -0.065803 8.220841 1.945664
1590573464700803 0.695414 12.051152 2.925525
1590573732778198 0.287438 7.709674 2.567200
1590574000855646 0.215952 11.641381 3.381058
1590574268933094 -0.482453 7.706684 2.558227
1590574537010594 0.717548 12.413365 3.181258
1590574805088042 -0.322134 7.089036 2.945266
1590575073165542 -0.480658 11.213366 4.151248
1590575341243094 -0.863809 7.649256 3.189034
1590575609320646 -1.605285 10.299307 4.094419
1590575877398198 -0.881755 6.782456 3.802494
1590576145475803 -0.581755 10.251451 4.202096
1590576413553355 -0.285045 7.841878 3.439084
1590576681630959 -0.957129 10.314262 3.507878
1590576949708615 -0.240479 8.150851 4.028018
1590577217786271 -0.236291 9.813265 3.670291
1590577485863928 -0.180060 8.988638 2.184049
1590577753941584 -0.881755 10.133604 3.252444
1590578022019292 0.476471 9.126823 3.200999
1590578290097053 -0.171087 9.558429 2.778964
1590578558174813 -1.260419 9.179466 1.736890
1590578826252573 -0.634995 9.550653 2.508875
1590579094330386 -0.239880 9.298808 3.558726
1590579362408198 0.208176 8.871390 2.701796
1590579630486011 -1.980061 8.603693 4.196712
1590579898563823 -0.619442 8.217851 3.190829
1590580166641688 -0.766601 9.085547 4.577470
1590580434719605 -0.088534 8.453544 2.679064
1590580702797469 -1.629811 9.606884 4.860122
1590580970875438 -0.332303 7.846663 2.304288
1590581238953355 -0.305384 10.709377 4.546363
1590581507031323 0.133400 8.150253 2.819044
1590581775109292 -0.486042 11.465808 3.754638
1590582043187261 -0.069392 8.540881 1.416850
1590582311265282 0.206979 12.233306 3.146562
1590582579343303 0.046660 7.082456 2.689832
1590582847421376 -0.592523 11.112268 4.093222
1590583115499396 -0.541077 7.473682 3.612564
1590583383577469 -0.794716 10.421041 4.668995
1590583651655542 -0.628415 6.585646 3.264408
1590583919733615 -1.104288 10.177273 5.002495
1590584187811740 -0.359223 7.627122 3.573681
1590584455889865 -1.855933 10.314860 3.949653
1590584723967990 -0.300598 8.196913 3.508476
1590584992046167 -0.630808 9.915857 3.257230
1590585260124344 -0.260219 9.001201 1.937289
1590585528202521 -0.915255 9.738489 3.390630
1590585796280698 -0.172283 9.187840 3.349952
1590586064358876 0.242871 9.389735 3.136991
1590586332437105 -0.598505 9.236894 2.992524
1590586600515386 -0.522533 9.128618 4.130909
1590586868593615 0.656531 8.882157 4.846961
1590587136671896 0.352044 8.806186 3.300301
1590587404750230 -1.598705 8.531908 4.792525
1590587672828563 -0.442971 7.983653 3.125625
1590587940906896 -0.455534 9.227921 5.247759
1590588208985282 0.189631 8.374580 2.890231
1590588477063719 0.467498 10.910973 2.683850
1590588745142157 -0.683450 8.409874 2.042872
1590589013220646 0.549452 12.229118 2.877668
1590589281299136 0.063410 7.802995 2.496910
1590589549377730 0.110668 11.337791 3.702594
1590589817456323 -0.368196 7.871789 2.549852
1590590085534969 0.253639 11.677872 3.740281
1590590353613615 -0.570389 7.208677 3.310470
1590590621692313 -0.156730 10.771590 4.229314
1590590889771115 -0.731905 7.816753 3.505485
1590591157849865 -0.879362 10.072587 4.671986
1590591425928719 -0.208176 7.546065 3.391826
1590591694007626 -0.165703 9.743275 3.372684
1590591962086532 -0.511167 9.000603 2.181058
1590592230165490 -0.958325 9.785150 3.089134
1590592498244501 0.867398 9.428618 3.387040
1590592766323511 0.166899 9.034700 2.426322
1590593034402573 -1.546063 8.702696 4.694120
1590593302481636 -0.085543 8.467900 3.601198
1590593570560751 -0.537488 8.771489 4.156632
1590593838639917 0.181256 8.404490 3.461816
1590594106719084 -1.070788 9.968499 3.847958
1590594374798303 -0.316750 8.172386 2.375475
1590594642877521 0.608076 12.084950 3.632903
1590594910956740 -0.172283 7.812566 2.079961
1590595179036011 -0.141775 11.501700 3.127419
1590595447115230 -0.303589 7.977671 2.027917
1590595715194553 0.028714 11.909377 3.712764
1590595983273876 -0.117248 7.325926 3.158526
1590596251353198 -0.277567 10.143175 4.074678
1590596519432521 -0.844666 7.783852 3.795914
1590596787511896 -0.903889 9.935597 4.537988
1590597055591271 -0.623629 7.965706 4.097410
1590597323670698 -0.221934 9.746864 3.461218
1590597591750126 -0.541675 8.880363 2.542673
1590597859829553 -0.632004 9.845269 2.752643
1590598127909032 -0.032901 9.156136 4.646862
1590598395988511 -0.210568 8.714660 3.433102
1590598664068042 -0.539881 9.533304 3.208177
1590598932147573 -0.790529 8.864810 3.986742
1590599200227105 -0.409472 8.997611 4.372883
1590599468306688 0.280858 8.565408 4.645665
1590599736386271 -2.214557 8.645567 5.038387
1590600004465907 -0.587139 8.351250 3.304488
1590600272545542 0.281456 11.719747 3.305086
1590600540625178 -0.791725 7.759924 3.355335
1590600808704865 -0.316152 10.674681 4.665406
1590601076784553 -0.953540 7.537691 3.418147
1590601344864292 -1.631606 9.745070 4.160820
1590601612944032 -0.582951 7.419246 4.278367
1590601881023771 -0.639183 9.603294 3.591627
1590602149103563 -0.676271 8.690433 2.882454
1590602417183303 -0.685245 9.615258 3.096911
1590602685263094 0.193220 9.474082 2.543869
1590602953342886 0.231506 9.013165 2.840580
1590603221422730 -1.849353 8.880961 4.475176
1590603489502573 -0.811466 8.174780 3.352345
1590603757582417 -0.743271 9.033504 4.800302
1590604025662313 0.335294 8.342277 2.915953
1590604293742209 -1.408475 9.833304 4.942076
1590604561822105 -0.322134 8.119446 3.426522
1590604829902001 0.730110 11.993126 2.181058
1590605097981948 -0.359821 7.787441 3.131008
1590605366061896 0.378963 11.589935 2.833401
1590605634141844 -0.523131 8.001599 2.621038
1590605902221844 -0.172283 10.914561 3.816851
1590606170301844 -0.435793 7.360023 3.463012
1590606438381896 -0.730110 9.969097 4.610969
1590606706461948 -0.712164 8.417651 4.089633
1590606974542001 -1.313061 9.789935 3.220739
1590607242622105 -0.074178 8.986844 3.366701
1590607510702209 -0.242871 9.436994 2.772982
1590607778782313 -0.960718 9.157332 3.178267
1590608046862469 -0.547059 9.056833 2.653939
1590608314942678 -0.079561 8.973683 4.684548
1590608583022886 0.137587 8.484052 3.025425
1590608851103146 -1.739283 8.812167 4.575077
1590609119183407 -0.379561 8.161619 3.722933
1590609387263719 -0.008375 9.809675 4.059723
1590609655344032 0.470489 8.149056 2.574976
1590609923424344 0.152542 11.184053 2.571387
1590610191504761 0.017348 7.893324 2.183451
1590610459585178 -0.175872 12.009277 3.975376
1590610727665594 -0.262612 7.449156 3.036193
1590610995746063 -0.126820 10.468300 3.810869
1590611263826584 -0.282652 8.002197 3.516253
1590611531907157 -1.207179 10.189836 4.546961
1590611799987730 -0.529113 8.136793 3.638287
1590612068068303 0.056830 9.767203 3.488137
1590612336148980 -0.416650 8.977272 2.109871
1590612604229657 -0.227318 9.697213 3.230909
1590612872310386 0.183649 9.239884 3.914359
1590613140391167 0.395115 9.309576 3.119044
1590613408472001 -0.940379 9.283853 2.588137
1590613676552834 -0.595514 8.980862 4.315455
1590613944633719 -0.241077 8.806784 4.009473
1590614212714657 0.607478 8.501400 3.030809
1590614480795646 -1.819443 8.985647 4.426722
1590614748876636 -0.472882 8.472686 3.479164
1590615016957678 -0.468096 8.449356 5.334200
1590615285038771 -0.104686 8.381759 3.315256
1590615553119917 -1.519143 9.065208 4.872684
1590615821201063 -0.861416 8.060223 2.644966
1590616089282209 0.161516 11.405389 3.819842
1590616357363459 -0.055035 8.120044 2.504687
1590616625444709 0.206381 11.495120 3.069692
1590616893525959 -0.473480 8.262715 2.722135
1590617161607261 0.471685 11.607882 3.131607
1590617429688615 -0.315553 7.157830 2.557030
1590617697769969 -0.032901 10.552647 4.632504
1590617965851376 -0.853639 7.512566 4.537988
1590618233932782 -1.027119 10.015758 4.627719
1590618502014240 -0.831805 7.200303 4.030411
1590618770095698 -0.571586 9.713365 4.539783
1590619038177209 -0.372981 8.327322 3.898805
1590619306258771 -1.480260 9.879367 3.589234
1590619574340334 -0.215952 8.351250 3.608377
1590619842421948 0.403490 9.748658 3.192025
1590620110503563 -0.655932 9.329915 2.164308
1590620378585230 -0.484846 9.777372 2.421536
1590620646666948 0.777368 9.265906 2.444866
1590620914748667 0.163310 8.766106 3.627519
1590621182830386 -1.071386 8.806784 4.121936
1590621450912209 -0.244666 8.365009 3.607778
1590621718993980 -0.821635 8.742178 5.340780
1590621987075855 0.062812 8.356036 2.680859
1590622255157730 -0.901496 10.648360 4.958228
1590622523239657 -0.099302 8.103293 2.579164
1590622791322082 0.470489 11.723335 3.727120
1590623059404113 -0.869791 6.816554 4.196114
1590623327486144 -0.128016 10.507183 4.385446
1590623595568280 -0.822832 7.837092 3.460021
1590623863650415 -1.386042 9.902697 4.791328
1590624131732551 -0.393320 7.800602 3.538387
1590624399814790 -0.111864 9.608679 3.354139
1590624667897030 -1.287339 9.106484 2.804089
1590624935979322 -0.512961 8.791828 3.424727
1590625204061665 -0.066999 8.778668 4.837988
1590625472144061 0.053240 8.187342 3.227918
1590625740226509 -1.410868 9.282657 5.919544
1590626008308957 -0.529711 8.014759 2.853740
1590626276391509 -0.056231 10.924132 4.838586
1590626544474113 -0.052642 7.849056 2.836392
1590626812556769 -0.113061 11.678470 2.987140
1590627080639478 -0.341875 8.229217 1.991427
1590627348722290 0.176471 11.819048 2.765804
1590627616805155 -0.697807 7.551449 2.857928
1590627884888072 0.154935 11.079966 3.368496
1590628152971040 -0.862613 7.967501 2.983551
1590628421054061 -0.852443 10.478470 4.298706
1590628689137186 -0.937986 6.603592 3.905386
1590628957220311 -0.364606 9.851849 4.838586
1590629225303488 -0.522533 8.461320 3.242873
1590629493386717 -1.336391 10.189237 4.098008
1590629761470051 0.055035 8.427222 3.502494
1590630029553384 0.189631 9.912268 3.321238
1590630297636769 -0.850050 8.935398 2.359921
1590630565720259 -0.390329 9.498011 2.587538
1590630833803749 0.129811 9.014361 4.164409
1590631101887290 0.227318 8.765508 2.985944
1590631369970832 -1.347757 8.639585 4.746762
1590631638054374 -0.894916 7.735397 4.067499
1590631906137967 -0.247657 8.482257 6.113961
1590632174221613 0.244068 8.369196 3.005086
1590632442305207 -1.380060 9.995419 4.977370
1590632710388853 -0.114257 8.806784 2.311467
1590632978472447 0.093320 11.334801 3.893422
1590633246556092 0.017946 8.232805 2.580360
1590633514639738 -0.247059 11.244472 2.908775
1590633782723332 -0.078963 8.222636 2.272583
1590634050806978 0.521934 12.223735 2.715555
1590634318890572 -0.260219 7.360023 2.060220
1590634586974217 -0.028116 11.484950 3.409174
1590634855057811 -0.369990 7.569993 2.646163
1590635123141405 0.244068 11.753245 3.500101
1590635391224999 -0.477069 7.163812 2.631806
1590635659308592 -0.402892 10.647163 4.226921
1590635927392186 -0.710369 7.771888 3.095116
1590636195475780 -0.598505 10.118051 4.671388
1590636463559322 -0.301795 7.433603 3.874877
1590636731642863 -0.744467 9.649955 3.435495
1590636999726405 -0.606281 8.786445 2.687439
1590637267809947 -0.778565 9.874580 3.193222
1590637535893436 0.119043 9.391530 2.972783
1590637803976926 0.307777 9.111869 3.214757
1590638072060363 -0.681655 9.314960 3.464209
1590638340143853 -0.441177 8.539685 2.866901
1590638608227290 -0.013759 8.574381 4.950451
1590638876310728 0.307179 8.628818 3.581457
1590639144394113 -1.373480 8.901898 4.479962
1590639412477499 -0.128614 7.973483 3.095116
1590639680560884 -0.814457 9.608679 5.127520
1590639948644217 0.408275 8.217252 2.454438
1590640216727551 -0.141775 11.189437 2.722733
1590640484810884 -0.259023 8.290234 1.797907
1590640752894217 0.223131 11.862119 3.919743
1590641020977551 -0.184846 7.369595 2.929114
1590641289060832 0.181256 11.367104 2.944069
1590641557144113 -0.429213 7.795816 2.692225
1590641825227447 -0.415454 10.166505 4.151846
1590642093310728 -1.081556 7.535297 3.746263
1590642361394009 -0.795314 9.466306 5.176573
1590642629477290 -0.495015 8.520542 3.248855
1590642897560572 -0.982852 10.094721 3.418745
1590643165643853 0.221336 9.500403 3.604787
1590643433727082 0.156132 9.350852 3.800102
1590643701810363 -0.221934 9.670892 2.333002
1590643969893644 -1.076770 9.572786 3.135196
1590644237976926 0.448355 9.706186 3.687639
1590644506060207 0.202194 9.338887 3.715755
1590644774143488 -1.550848 8.928220 3.415754
1590645042226769 -0.676870 9.047860 3.410371
1590645310310051 0.308375 9.265308 3.883850
1590645578393332 0.177667 8.359027 3.089134
1590645846476613 -1.547259 9.361021 4.180560
1590646114559842 0.092722 8.530113 2.531307
1590646382643124 -0.354437 11.187642 3.990929
1590646650726353 0.447757 7.996813 1.714756
1590646918809582 -0.252443 11.677872 3.130410
1590647186892811 -0.328714 8.033902 2.106880
1590647454975988 -0.291027 12.307484 3.540181
1590647723059217 -0.556630 7.336095 3.259623
1590647991142394 -0.557827 10.793724 3.778566
1590648259225572 -0.570987 7.630113 3.510271
1590648527308697 -0.925424 10.473085 4.503292
1590648795391874 -0.817448 7.023233 3.547958
1590649063474999 -0.438784 10.226326 3.608975
1590649331558124 -0.800698 7.985447 2.646163
1590649599641197 -1.633999 10.124033 4.582854
1590649867724322 -0.001795 9.019147 2.751447
1590650135807447 0.004786 9.828519 2.946462
1590650403890519 -0.439382 9.019147 2.118845
1590650671973644 -0.958924 9.662517 3.354737
1590650940056717 0.190229 9.247063 3.856333
1590651208139842 0.143569 9.307781 2.339582
1590651476222915 -1.508974 8.755937 3.251846
1590651744306040 -0.721137 8.719446 3.709174
1590652012389113 -0.829412 8.761918 4.402195
1590652280472186 -0.220140 8.183753 2.922534
1590652548555311 -0.804287 10.012168 3.715156
1590652816638384 -0.080758 8.314759 2.538486
1590653084721509 0.363410 11.483156 4.409972
1590653352804634 0.107079 7.885547 3.445665
1590653620887707 0.401695 10.982458 3.309872
1590653888970832 -0.614058 8.248359 3.052344
1590654157053957 -1.450948 10.109675 4.899603
1590654425137082 -0.954736 6.394519 4.582854
1590654693220259 -0.967897 10.065409 3.828217
1590654961303384 -0.764208 8.283653 3.616751
1590655229386561 -1.167697 9.906285 3.072085
1590655497469686 0.374178 9.507582 3.606582
1590655765552863 -0.771386 8.915059 2.793920
1590656033636040 -1.857728 8.668898 4.374678
1590656301719217 -1.078565 8.462517 3.041577
1590656569802394 -0.745663 9.142377 5.207679
1590656837885519 -0.177667 8.248957 2.594717
1590657105968697 -0.812064 11.086546 3.235096
1590657374051926 -0.701396 7.789834 2.390430
1590657642135103 -0.157328 12.215360 3.640081
1590657910218280 -0.725324 7.157830 2.954239
1590658178301509 -0.611067 11.301301 4.045366
1590658446384686 -0.920040 7.652247 3.076273
1590658714467863 -1.708774 9.795917 4.360919
1590658982551092 -0.884746 7.115357 3.654139
1590659250634322 -1.066601 9.736096 4.175775
1590659518717499 -0.615853 8.643773 2.532504
1590659786800728 -0.872782 9.605089 3.470191
1590660054883905 -0.164507 8.943174 3.111866
1590660322967134 -0.190229 9.404691 3.027818
1590660591050311 -0.874577 9.171689 4.274778
1590660859133540 0.010768 8.813962 3.163311
1590661127216717 0.190828 8.257930 5.502295
1590661395299947 0.153739 8.407481 3.290131
1590661663383124 -1.301695 8.600702 5.799604
1590661931466301 -0.220140 8.053044 3.947260
1590662199549478 -0.260818 9.604491 4.922934
1590662467632707 -0.010169 7.846663 3.248257
1590662735715884 -0.565005 11.123036 3.687041
1590663003799061 -0.141775 7.876574 2.518446
1590663271882290 0.680459 12.311670 3.360719
1590663539965519 -0.125623 7.721639 2.935096
1590663808048749 0.123829 10.897812 4.523631
1590664076131978 -0.337089 7.661220 3.470789
1590664344215207 -0.150748 10.702797 4.246064
1590664612298488 -0.716351 7.520941 4.534399
1590664880381717 -0.837189 9.540483 4.708477
1590665148465051 -0.340080 7.558030 4.569693
1590665416548384 -0.480060 10.017552 4.563113
1590665684631665 -0.506381 7.187142 4.485346
1590665952715051 -0.651745 9.590134 4.691129
1590666220798384 -0.334098 8.087741 3.145964
1590666488881822 -0.642772 10.207183 3.517449
1590666756965207 -0.031705 9.122038 2.772384
1590667025048644 0.096909 9.690633 3.135196
1590667293132082 -1.007977 9.212367 2.957230
1590667561215572 -0.417847 9.153743 2.917748
1590667829299113 -0.192622 8.937193 3.753441
1590668097382603 -0.175872 8.395517 3.769593
1590668365466197 -1.937887 8.756535 5.310571
1590668633549738 -0.428614 7.849056 3.675076
1590668901633384 -1.287937 9.283255 6.012864
1590669169716978 0.433400 8.132008 2.975176
1590669437800624 -0.178863 11.200205 2.597110
1590669705884269 -0.207577 8.076973 1.987239
1590669973967915 0.721137 12.434303 3.451048
1590670242051613 -0.422034 7.101000 4.253242
1590670510135311 -0.207577 10.791929 4.797310
1590670778219009 -1.343570 7.998010 4.331607
1590671046302707 -0.785743 9.823733 5.278866
1590671314386405 -0.487238 7.443174 3.549154
1590671582470155 -0.092722 9.648758 3.962813
1590671850553853 -0.380160 8.545667 3.597011
1590672118637603 -1.188635 10.122238 3.792923
1590672386721353 -0.535693 8.569595 4.363910
1590672654805051 -0.430409 9.171689 4.126722
1590672922888801 -0.397508 9.091530 3.383451
1590673190972551 -0.485444 9.581161 3.458227
1590673459056353 0.019741 9.375379 3.448057
1590673727140103 -0.251246 9.515957 3.641876
1590673995223853 -0.515952 9.258728 3.270390
1590674263307603 -0.584148 8.650353 2.852544
1590674531391405 -0.215354 8.637193 5.468198
1590674799475155 -0.037089 8.202895 3.614359
1590675067558957 -1.480260 8.926425 4.536792
1590675335642707 -0.519542 8.113463 3.553940
1590675603726509 -0.078963 10.406087 4.253840
1590675871810363 0.338285 8.061419 2.957230
1590676139894165 -0.029910 10.841580 3.582654
1590676407978019 -0.621835 7.986644 2.836990
1590676676061874 -0.828814 11.464611 4.286742
1590676944145728 -0.410070 7.050751 4.579264
1590677212229634 0.070588 10.028319 4.235894
1590677480313540 -0.862613 7.738986 3.239882
1590677748397499 -1.053440 9.565608 5.296214
1590678016481509 -0.328116 7.954939 4.080062
1590678284565519 -0.230309 9.287442 3.767798
1590678552649582 -0.573978 8.630612 3.655336
1590678820733644 -0.381954 9.380762 3.401397
1590679088817707 -0.062213 8.420642 4.987540
1590679356901769 -0.049651 8.385348 4.512265
1590679624985832 -1.272383 8.745169 5.601000
1590679893069947 -0.353240 8.403294 3.627519
1590680161154009 -0.508176 10.444970 3.824628
1590680429238124 -0.198604 7.963912 4.537390
1590680697322238 -0.101097 9.256036 3.851547
1590680965406301 -1.097707 8.624032 4.084249
1590681233490415 -0.786940 8.794222 3.571288
1590681501574478 -0.581755 9.334701 4.038188
1590681769658592 -0.399302 8.950952 3.586841
1590682037742655 -0.068794 9.203992 3.276372
1590682305826769 -0.016750 9.469296 2.882454
1590682573911538 -0.206979 9.221340 3.967001
1590682841994194 0.012562 9.219545 2.689234
1590683110078257 -0.164507 9.621241 2.819044
1590683378162267 -0.105882 9.613464 2.928516
1590683646246330 -0.713958 9.177073 3.126223
1590683914330340 -0.230309 9.041281 3.441477
1590684182414351 -0.422632 9.311370 2.794518
1590684450498309 -0.297009 9.397511 3.192025
