# Created at Mon Sep 23 20:31:05 GMT+09:00 2024
1586096113969527 0.254836 9.462118 2.626422
1586096381987131 -0.411266 9.605089 3.297908
1586096650005152 -0.609272 9.197412 2.216950
1586096918023485 -0.535095 9.906884 3.361916
1586097186042235 -0.376570 8.971291 2.290529
1586097454061402 -0.516551 9.175877 2.272583
1586097722081038 -1.130609 10.070194 4.159623
1586097990101038 0.163908 8.427222 1.854138
1586098258121506 0.435195 10.532907 4.111168
1586098526142392 -0.078963 8.208279 2.377867
1586098794163746 -0.495613 10.653744 2.938087
1586099062185517 -0.071785 7.876574 1.872683
1586099330207704 0.071785 11.266007 2.697010
1586099598230360 -0.070588 7.753344 2.571387
1586099866253433 -0.320339 10.807483 2.994318
1586100134276923 -0.257827 7.584051 1.128216
1586100402300881 -0.096909 11.272588 2.021935
1586100670325256 0.245264 7.534699 1.467698
1586100938350100 -0.718146 11.246266 3.828815
1586101206375308 -0.475873 7.676773 1.474278
1586101474401038 -0.144168 10.575378 4.477570
1586101742427183 -0.135793 8.012965 3.069094
1586102010453746 -0.489033 10.593325 5.877371
1586102278480725 -0.375972 8.171788 2.834598
1586102546508225 0.134596 9.895518 5.991927
1586102814536142 0.167498 8.511569 2.595315
1586103082564475 -0.100499 9.478270 5.913562
1586103350593277 -0.347857 8.748159 3.189034
1586103618622548 0.530309 9.361620 3.644867
1586103886652183 -0.251246 9.063414 2.732304
1586104154682288 -0.237488 9.294621 2.918346
1586104422712808 -0.334098 8.897711 2.993122
1586104690743694 0.485444 8.911469 2.346163
1586104958775048 0.026321 9.176475 2.094916
1586105226806767 -0.329910 8.772686 3.022434
1586105494838902 0.026321 9.591928 2.908775
1586105762871402 0.272184 8.244171 4.129115
1586106030904319 0.232104 9.937990 3.797110
1586106298937548 -0.106481 7.942975 4.743173
1586106566971194 -0.144168 10.568200 3.956831
1586106835005256 0.605683 7.336095 3.790530
1586107103039631 -0.031107 10.882258 4.673182
1586107371074319 -0.343071 7.541280 3.769593
1586107639109423 -0.156730 11.094322 4.066901
1586107907144840 0.234497 6.893722 1.945664
1586108175180569 -0.173480 11.297712 4.267001
1586108443216663 -0.293420 7.245168 2.486143
1586108711253121 -0.025125 11.324632 3.466004
1586108979289840 0.201595 7.377970 1.772184
1586109247326923 -0.475873 11.270195 3.308676
1586109515364319 -0.128614 7.229615 1.867299
1586109783402027 0.461516 11.525928 4.847559
1586110051440100 -0.029910 7.639086 2.347957
1586110319478485 -0.853041 10.934900 6.961319
1586110587517183 -0.441177 8.216654 2.892025
1586110855556298 0.403490 9.985847 5.379663
1586111123595725 -0.079561 8.776276 2.088336
1586111391635517 0.011366 9.035896 3.840181
1586111659675673 -0.405883 9.259925 3.349354
1586111927716194 1.147358 9.096315 2.122434
1586112195757079 0.086142 9.415458 2.564209
1586112463798381 -0.481855 9.244670 3.062514
1586112731840048 -0.071186 9.915857 3.497110
1586112999882131 0.346660 8.329715 5.358727
1586113267924579 0.080758 10.786546 3.874279
1586113535967444 -0.335892 7.466504 4.287938
1586113804010673 -0.274576 10.999207 4.314857
1586114072054319 0.024526 7.434201 4.041777
1586114340098381 -0.230309 10.982458 4.100999
1586114608142860 -0.183051 7.026823 2.536691
1586114876187756 -0.062213 11.650952 4.357330
1586115144233017 0.235095 6.900302 2.080559
1586115412278694 -0.205185 11.118251 3.008675
1586115680324735 -0.180658 7.379764 1.665105
1586115948371194 0.082552 11.015359 3.885645
1586116216418017 -0.147159 7.596015 2.633600
1586116484465152 -0.377169 10.605887 4.778168
1586116752512652 0.046660 7.990233 2.839981
1586117020560517 1.158126 10.020543 5.815157
1586117288608694 -0.057428 8.469096 2.659323
1586117556657183 -0.544068 9.713365 3.420540
1586117824705985 -0.346062 8.718847 2.551048
1586118092755100 0.981057 9.466306 1.730908
1586118360804527 0.310768 9.686445 2.959024
1586118628854215 -0.555434 8.627023 2.036890
1586118896904215 -0.239282 10.366306 3.177669
1586119164954475 0.652343 8.265707 4.271188
1586119433005048 0.064008 10.552647 4.054937
1586119701055829 -0.825225 7.908877 4.309474
1586119969106871 -0.122034 10.755439 4.212564
1586120237158121 0.350848 7.312765 3.263810
1586120505209683 -0.343669 11.119447 3.972385
1586120773261402 -0.050847 7.427022 3.270390
1586121041313381 -0.150748 11.283355 3.005684
1586121309365569 0.526720 7.411469 2.416751
1586121577417913 -0.120239 11.202000 2.528914
1586121845470517 0.007178 7.409675 2.250450
1586122113523277 0.093320 11.281561 2.422135
1586122381576246 0.318545 7.105786 1.869692
1586122649629371 -0.402892 11.118251 3.507280
1586122917682577 -0.021535 7.637292 1.917548
1586123185736067 0.427418 11.222937 4.257430
1586123453789765 -0.066999 7.771290 2.641377
1586123721843671 -0.600898 10.857134 6.855437
1586123989897733 -0.002991 7.905288 2.206781
1586124257952004 0.335892 10.338190 7.584051
1586124526006431 -0.136989 8.900702 3.299104
1586124794061067 -0.024526 9.268299 4.304090
1586125062115858 -0.399302 8.489435 2.977569
1586125330170858 0.531506 9.390931 3.004488
1586125598226067 0.072383 9.045467 2.619842
1586125866281483 -0.400499 8.949157 2.724528
1586126134337056 -0.232104 9.967901 3.825226
1586126402392786 0.781556 8.236993 3.679862
1586126670448775 0.080758 10.287343 3.885047
1586126938504921 -0.028116 7.929814 4.310670
1586127206561223 0.286840 10.770393 4.241876
1586127474617733 0.242871 8.139485 5.111967
1586127742674452 -0.116650 10.939686 3.902993
1586128010731327 -0.178863 7.604989 3.748656
1586128278788358 0.085543 11.188839 4.125525
1586128546845650 0.554836 6.963114 4.032804
1586128814903046 -0.114257 11.367104 3.035595
1586129082960650 0.010768 6.801599 2.678466
1586129351018411 0.453739 10.913963 2.386242
1586129619076379 0.732503 6.932605 1.646561
1586129887134504 -0.221336 11.029118 2.149353
1586130155192786 -0.010169 6.988238 1.374078
1586130423251223 0.873978 11.411371 3.687041
1586130691309869 0.211765 7.230213 1.963610
1586130959368723 -0.429213 11.008779 6.775277
1586131227427838 -0.198006 7.856833 2.310270
1586131495487161 0.405284 9.917053 7.298408
1586131763546848 0.189033 8.376973 2.181656
1586132031606744 -0.159721 9.142377 3.791128
1586132299666900 -0.353240 9.107083 2.713162
1586132567727317 0.651745 9.724133 2.935694
1586132835787942 0.317946 9.176475 2.519044
1586133103848775 -0.579362 9.068798 2.233102
1586133371909817 -0.123829 9.594920 3.682255
1586133639971119 0.372981 7.984849 4.922934
1586133908032577 0.313161 10.193424 3.925725
1586134176094296 -0.294616 7.631310 4.371687
1586134444156171 0.262014 10.825429 3.887439
1586134712218254 0.122632 7.276275 2.743670
1586134980280494 1.063610 10.745868 3.851547
1586135248342994 0.716949 8.184351 4.267599
1586135516405650 0.671486 10.330414 4.034000
1586135784468567 0.439980 8.790632 5.417949
1586136052531640 -0.368794 10.455139 2.963212
1586136320594973 -0.062812 8.480463 3.920341
1586136588658463 -0.272782 10.823036 3.855136
1586136856722161 0.221336 8.345866 4.758726
1586137124786015 0.193819 11.044671 3.816253
1586137392850077 0.179462 8.109276 4.246662
1586137660914348 0.356231 10.616056 3.872484
1586137928978775 0.687039 7.855637 4.354937
1586138197043411 0.501595 10.891232 4.172783
1586138465108254 -0.046062 7.538887 3.655336
1586138733173202 0.079561 11.539088 3.351746
1586139001238358 0.277567 7.144670 2.884847
1586139269303671 -0.420239 10.882258 1.532902
1586139537369140 -0.016750 7.334899 2.314458
1586139805434765 0.472283 11.710175 1.149751
1586140073500546 0.160319 7.336095 1.666900
1586140341566483 -0.829412 11.288141 2.405983
1586140609632629 0.139980 7.409076 1.235893
1586140877698879 0.830609 11.388639 2.765206
1586141145765338 0.083151 7.754540 1.591526
1586141413831900 -1.145564 11.059028 4.863711
1586141681898723 -0.023928 8.402696 1.553839
1586141949965650 0.125623 10.555638 7.007979
1586142218032786 -0.162712 8.345866 1.854737
1586142486100129 -0.224925 9.499805 4.727021
1586142754167629 -0.387936 8.852247 2.755036
1586143022235286 0.791127 9.702597 2.902793
1586143290303098 0.247059 9.016754 1.791925
1586143558371119 -0.639183 9.220742 2.209772
1586143826439296 -0.835394 9.394521 2.559423
1586144094507681 0.832403 9.357432 1.730908
1586144362576223 0.183051 9.511171 2.404787
1586144630644921 0.112463 9.399904 1.908575
1586144898713827 0.561416 9.270094 2.765804
1586145166782890 1.775175 9.401101 2.108077
1586145434852108 0.239880 9.095119 2.692225
1586145702921536 0.281456 9.041879 1.904388
1586145970991119 -0.780359 9.147162 3.418745
1586146239060858 1.948655 8.583354 4.290331
1586146507130702 -0.198006 9.380762 3.489334
1586146775200754 -0.314955 8.916255 2.145764
1586147043270911 -0.563809 8.933005 3.132803
1586147311341223 0.766601 8.673683 2.329413
1586147579411640 -0.323928 9.122637 3.582654
1586147847482213 -0.259023 9.438788 3.316452
1586148115552890 -0.270389 8.575577 2.633600
1586148383623671 0.444766 9.244670 2.294119
1586148651694608 0.221934 9.056235 2.230111
1586148919765650 -0.502194 9.251250 1.818246
1586149187836796 -0.282652 9.433404 3.152544
1586149455908046 0.691227 8.976076 1.607678
1586149723979400 0.226122 9.220742 2.257628
1586149992050858 -0.686441 9.354441 3.440281
1586150260122473 -0.269193 9.614660 2.881856
1586150528194140 0.754038 8.419446 2.673082
1586150796265963 -0.171087 9.885947 3.321836
1586151064337890 -0.787538 8.813364 3.147758
1586151332409869 -0.117248 9.795319 3.002693
1586151600482004 0.857229 8.746964 3.534797
1586151868554192 -0.084347 9.951151 3.252444
1586152136626536 -0.304188 8.613264 4.387838
1586152404698983 -0.028714 10.624432 3.759423
1586152672771536 0.303589 7.400103 3.773780
1586152940844140 0.111266 11.073983 4.366303
1586153208916900 -0.242273 7.456335 4.025027
1586153476989765 -0.227318 11.316257 4.191926
1586153745062733 0.221336 7.179964 2.054238
1586154013135754 0.137587 11.418550 2.482553
1586154281208931 -0.198006 7.077072 2.036890
1586154549282213 0.093918 11.819048 1.717748
1586154817355546 0.163310 7.031609 1.436591
1586155085429036 -0.291027 11.866905 3.115455
1586155353502577 0.090329 7.421041 1.968097
1586155621576275 0.237488 10.919347 4.408177
1586155889650025 -0.285643 8.308179 3.358327
1586156157723879 -0.311964 10.313663 4.590032
1586156425797890 -0.085543 8.748757 3.095714
1586156693871952 0.481855 9.315557 3.460021
1586156961946119 -0.179462 8.944371 2.868097
1586157230020390 -0.093320 9.682856 1.987837
1586157498094765 -0.850050 9.056235 3.010470
1586157766169192 0.867398 8.854042 2.517249
1586158034243775 0.166899 9.490233 2.814857
1586158302318411 -0.300000 9.119047 3.963412
1586158570393202 -0.338285 9.509974 3.576073
1586158838468046 0.259621 8.216056 4.308277
1586159106543046 0.131605 10.609476 4.322036
1586159374618098 -0.441775 7.542476 4.374678
1586159642693306 0.227318 10.891829 4.222136
1586159910768619 0.207577 6.932605 2.318645
1586160178843983 0.111266 11.233106 3.291327
1586160446919504 0.352044 7.041180 1.598106
1586160714995129 0.327518 11.273186 2.347957
1586160983070858 0.004187 7.057930 1.066601
1586161251146692 -0.123829 11.246266 1.693819
1586161519222577 0.356231 7.416853 1.387837
1586161787298619 0.465703 11.506785 3.921537
1586162055374713 -0.041874 7.741978 2.458625
1586162323450963 -0.496810 10.701600 4.809274
1586162591527265 -0.069392 7.880761 1.958226
1586162859603671 0.358026 10.092926 5.508278
1586163127680181 -0.026321 8.251349 2.032105
1586163395756744 -0.544666 9.936794 5.340780
1586163663833463 -0.252443 8.376973 2.251048
1586163931910233 -0.187837 10.144970 4.809274
1586164199987056 0.119641 8.491829 1.969293
1586164468064036 0.019741 9.672687 3.295515
1586164736141067 -0.499203 8.944371 2.747858
1586165004218202 1.178465 9.004789 2.540879
1586165272295442 0.601496 9.104092 2.245066
1586165540372786 0.209970 9.199805 1.470689
1586165808450181 -0.120239 9.306584 2.243271
1586166076527681 0.801895 9.373584 2.091925
1586166344605233 0.414257 9.404691 2.677868
1586166612682890 0.021535 8.604291 2.962614
1586166880760598 -0.234497 9.982856 2.823830
1586167148838411 0.116650 8.799007 4.271787
1586167416916275 0.172881 10.449158 3.846163
1586167684994192 -0.416650 8.299805 4.208078
1586167953072161 0.230309 10.736895 3.169294
1586168221150181 0.477069 7.568797 4.136293
1586168489228306 -0.023928 11.146366 4.064508
1586168757306431 -0.379561 7.591230 3.254837
1586169025384661 0.142971 11.140384 2.996711
1586169293462890 0.217747 7.229615 2.523830
1586169561541171 0.209372 11.228320 3.012863
1586169829619556 0.017348 7.315158 1.680659
1586170097697942 0.157926 11.425130 1.409073
1586170365776327 -0.084945 7.355836 1.632204
1586170633854817 0.202194 12.209976 1.740479
1586170901933306 0.269193 7.456335 1.564607
1586171170011848 -0.129811 11.439487 4.319643
1586171438090442 0.454337 7.811369 2.059024
1586171706169036 -0.512363 10.861919 5.757730
1586171974247681 -0.159721 8.340483 1.937289
1586172242326379 0.633799 9.618848 6.996015
1586172510405129 0.135793 8.763115 2.677269
1586172778483879 -0.221336 9.345468 3.470789
1586173046562733 -0.329910 9.386146 2.966203
1586173314641588 0.443570 9.462118 2.468795
1586173582720494 0.310768 9.253643 2.082354
1586173850799452 -0.676870 9.555438 2.646761
1586174118878463 -0.500997 9.565608 3.330211
1586174386957525 0.467498 8.899506 2.612663
1586174655036588 0.156730 10.160523 3.043371
1586174923115754 -0.869193 8.114061 3.251248
1586175191194973 0.257827 10.031311 2.483750
1586175459274244 0.398106 8.470891 4.955835
1586175727353619 -0.227318 10.700404 4.115356
1586175995432994 -0.177667 8.147262 4.879264
1586176263512421 -0.099302 10.786546 4.167998
1586176531591952 0.312562 8.171788 4.852345
1586176799671536 0.041276 10.984851 3.328416
1586177067751171 -0.276969 7.568199 3.470789
1586177335830911 0.432802 11.188839 2.432304
1586177603910650 0.511765 7.382755 2.543271
1586177871990494 -0.171685 11.301301 1.775175
1586178140070442 -0.081954 7.482057 1.916352
1586178408150442 0.857229 11.940484 1.580160
1586178676230494 0.753440 7.808379 1.540080
1586178944310650 -0.325125 11.456835 5.277669
1586179212390858 -0.161516 8.244769 2.270789
1586179480471171 0.249452 10.703395 7.417451
1586179748551536 0.167498 8.545069 2.297708
1586180016632004 -0.200399 9.934999 5.978168
1586180284712525 -0.146560 8.775677 2.467000
1586180552793202 0.881157 9.898509 5.578268
1586180820873879 0.439382 8.568997 1.574776
1586181088954661 -0.205185 9.264112 4.564309
1586181357035546 -0.231506 8.830712 2.958426
1586181625116588 0.839582 10.021141 4.199105
1586181893197681 0.838385 9.347860 2.740679
1586182161278879 0.557827 9.698409 1.622633
1586182429360233 -0.443570 9.405887 2.621038
1586182697441930 0.681655 8.745169 3.488137
1586182965523127 -0.087936 8.849257 2.652145
1586183233604794 0.183051 8.936594 2.227718
1586183501686617 -0.505783 9.079565 3.531208
1586183769768544 0.673879 9.354441 2.935694
1586184037850523 0.081356 9.167501 2.105086
1586184305932658 -0.162114 9.502796 1.872683
1586184574014898 -0.199202 9.675079 3.070889
1586184842097242 0.627219 8.939586 1.614856
1586185110179690 0.201595 10.017552 2.639582
1586185378262242 -0.946960 8.901898 2.870490
1586185646344950 -0.286241 10.068399 3.081656
1586185914427711 0.640977 8.458927 3.304488
1586186182510627 -0.245863 10.785349 3.955635
1586186450593700 -0.725923 8.110473 3.538985
1586186718676825 -0.352044 10.680663 3.953242
1586186986760054 0.041874 8.544471 4.448855
1586187254843440 -0.113061 10.875080 4.078267
1586187522926877 -0.414856 7.844271 3.458227
1586187791010471 -0.478265 11.369496 3.425924
1586188059094169 0.496212 7.522735 3.449852
1586188327177971 -0.248255 11.242079 3.116053
1586188595261877 -0.378365 7.655836 3.033202
1586188863345888 -0.093320 11.333006 2.824428
1586189131430002 0.172881 7.207481 1.506581
1586189399514221 -0.095115 11.111670 1.153939
1586189667598544 0.125623 7.393523 1.897807
1586189935682919 0.286840 11.521142 2.187638
1586190203767450 0.110070 7.322336 2.538486
1586190471852086 -0.449552 11.234900 2.106282
1586190739936773 0.196211 7.531708 2.570789
1586191008021617 0.457328 11.377274 2.268994
1586191276106513 0.324527 7.216454 1.950450
1586191544191513 0.565005 11.148759 3.729513
1586191812276617 0.463310 7.331309 2.058426
1586192080361773 0.209372 11.086546 4.765904
1586192348447033 0.288634 8.407481 4.828417
1586192616532398 -0.105882 11.151750 4.150650
1586192884617815 0.025125 7.867002 3.172883
1586193152703336 -0.198604 11.073385 4.169194
1586193420788908 0.316152 7.901100 3.556931
1586193688874586 -0.048455 11.165508 3.213561
1586193956960367 -0.221336 7.601997 3.436692
1586194225046200 0.212363 11.138590 2.741277
1586194493132138 0.452543 7.623533 1.952842
1586194761218179 -0.026321 11.166705 1.707578
1586195029304273 -0.169890 7.731210 2.386841
1586195297390471 0.503390 11.411371 1.066002
1586195565476721 0.300598 7.470093 1.522732
1586195833563075 -0.515952 11.767004 2.638386
1586196101649481 0.035892 7.872386 0.990629
1586196369735940 0.273380 11.245668 1.703391
1586196637822502 0.097508 7.946564 1.788934
1586196905909117 -0.669093 11.212169 2.887838
1586197173995836 -0.328714 7.877770 1.473680
1586197442082554 0.229711 11.169696 4.545765
1586197710169377 -0.068794 8.272287 1.708176
1586197978256200 -0.798305 11.374881 4.044767
1586198246343127 -0.183649 8.321939 1.803889
1586198514430106 0.429811 11.327024 4.976174
1586198782517138 0.179462 8.525328 1.346561
1586199050604221 -0.829412 10.498210 4.772784
1586199318691304 0.058624 8.412267 1.395614
1586199586778492 0.263809 11.378469 6.131907
1586199854865679 0.040080 8.015956 0.782154
1586200122952971 -0.981655 11.190634 4.433900
1586200391040263 -0.260219 8.463115 1.993221
1586200659127606 0.739083 10.537093 5.331807
1586200927215002 -0.266202 8.516355 1.936093
1586201195302398 -0.626620 9.962517 5.476573
1586201463389898 -0.334098 8.858828 2.221138
1586201731477398 0.195613 9.793524 3.784548
1586201999564950 -0.176471 8.290234 1.490429
1586202267652554 0.109472 9.518948 3.233900
1586202535740211 -0.733101 8.914461 2.315654
1586202803827919 0.793520 10.191629 4.692325
1586203071915627 0.099900 8.401500 1.221536
1586203340003388 -0.325125 9.265906 3.225525
1586203608091200 -0.641576 9.080164 2.543869
1586203876179065 0.446561 9.332906 1.658525
1586204144266929 0.077767 9.282058 2.109871
1586204412354898 -0.014955 9.526126 3.081058
1586204680442815 -0.746860 9.662517 3.284149
1586204948530836 1.196411 9.201001 1.277169
1586205216618804 0.066999 9.279665 1.246661
1586205484706877 -0.599103 9.193823 1.096511
1586205752794898 -0.329312 9.409476 2.098505
1586206020882971 0.547657 9.504591 1.107279
1586206288971096 -0.119641 9.473484 2.255834
1586206557059169 -0.157328 9.415458 1.473081
1586206825147294 -0.469292 9.281460 1.978864
1586207093235471 1.219741 8.997611 0.578764
1586207361323596 0.386142 9.315557 1.771586
1586207629411773 -0.771386 9.581759 1.755435
1586207897499950 -0.719342 9.743275 2.351547
1586208165588127 0.840180 9.046066 1.042074
1586208433676356 0.256032 9.570992 1.644766
1586208701764533 -0.090927 9.387342 1.012164
1586208969852763 -0.221336 9.648160 2.481955
1586209237940992 0.794118 9.402297 1.889433
1586209506029169 0.163310 9.718748 1.836192
1586209774117398 -0.470489 9.310772 1.785345
1586210042205627 -0.290429 9.819845 2.184647
1586210310293856 0.905683 8.979665 1.574776
1586210578382033 0.148355 10.180264 2.316252
1586210846470263 -0.343669 9.331709 2.516651
1586211114558492 -0.053240 10.173085 2.292324
1586211382646773 0.360419 8.907881 2.606681
1586211650735054 0.116052 10.501202 2.699403
1586211918823336 -0.679861 8.476873 3.145365
1586212186911669 -0.353839 10.796117 3.734897
1586212455000002 0.156730 8.864211 4.197310
1586212723088440 0.043669 10.613664 2.914757
1586212991176929 -0.673280 8.506783 2.432902
1586213259265471 -0.424427 10.438390 2.240878
1586213527354065 0.302991 8.634201 2.522035
1586213795442763 0.639183 10.785947 2.499902
1586214063531461 -0.785145 8.789435 2.045863
1586214331620263 -0.059821 10.104292 2.055435
1586214599709117 0.390927 8.845667 1.901995
1586214867798075 0.000000 10.217951 2.465205
1586215135887033 -0.778565 8.864810 1.386042
1586215403976096 -0.292223 10.076176 2.567798
1586215672065211 0.823430 8.806186 2.149353
1586215940154377 -0.222533 9.691231 1.845165
1586216208243596 -0.468096 9.758230 2.446063
1586216476332815 -0.010768 9.130413 2.730510
1586216744422138 0.811466 8.817552 3.311666
1586217012511513 -0.117248 9.091530 2.647957
1586217280600888 0.005982 8.777472 2.513062
1586217548690263 -0.687637 9.301201 3.661318
1586217816779690 0.351446 9.261121 4.224528
1586218084869117 0.120239 8.727222 2.833401
1586218352958596 -0.563211 9.239884 6.863214
1586218621048075 -0.254836 8.993423 3.078067
1586218889137554 -0.666102 10.068997 6.789634
1586219157227033 -0.175872 8.333902 2.915355
1586219425316513 -0.874577 9.954741 7.004390
1586219693406044 -0.803689 8.446963 2.658127
1586219961495523 -0.357428 10.348360 6.696314
1586220229585054 -0.242871 8.406285 1.787738
1586220497674638 -1.040280 10.563415 2.848356
1586220765764169 -0.561416 7.990831 2.100898
1586221033853700 0.290429 11.370693 4.929514
1586221301943283 -0.142373 8.346464 2.610271
1586221570032815 -1.092324 10.733903 4.536193
1586221838122398 -0.479462 8.417651 1.769791
1586222106211929 0.105284 10.334601 2.735295
1586222374301513 -0.114855 7.673184 1.271187
1586222642391044 -0.884148 10.635798 2.358725
1586222910480627 -0.626022 8.478069 1.599303
1586223178570211 -0.087338 10.714163 3.105884
1586223446659846 -0.136989 7.949555 1.908575
1586223714749481 -1.174278 11.208579 3.547359
1586223982839117 0.195015 8.223832 2.033899
1586224250928752 0.278166 11.711969 6.202496
1586224519018492 -0.095115 8.015358 1.893022
1586224787108179 -0.836591 10.971092 4.250849
1586225055197867 -0.529113 8.534900 2.132603
1586225323287606 0.272184 10.818849 3.988536
1586225591377346 -0.177069 8.014759 1.846362
1586225859467086 -1.216152 10.933105 4.540979
1586226127556825 -0.454337 8.210671 1.868495
1586226395646617 -0.207577 10.863115 4.075276
1586226663736356 -0.188435 8.262715 2.492125
1586226931826148 -1.453341 10.827822 4.436892
1586227199915940 -0.029312 8.236395 2.625226
1586227468005731 0.403490 10.956137 2.503491
1586227736095575 -0.934397 7.368997 2.817848
1586228004185367 -1.018744 10.866107 3.409772
1586228272275158 -0.164507 7.709076 3.265007
1586228540365002 -0.226720 10.980065 3.504887
1586228808454846 0.015553 7.478468 2.610869
1586229076544638 -0.770190 11.144571 2.556432
1586229344634481 -0.069990 7.478468 1.880460
1586229612724273 0.123829 10.814063 0.876970
1586229880814117 -0.220140 7.490432 2.094318
1586230148903961 -0.549452 10.915159 1.825425
1586230416993804 -0.282652 7.849655 1.818844
1586230685083648 -0.353240 11.006386 2.935694
1586230953173492 -0.125025 7.430013 1.553839
1586231221263336 0.598505 10.544870 3.036791
1586231489353179 0.387338 7.919645 3.609573
1586231757443023 -0.389731 10.638788 5.155635
1586232025532867 -0.004786 8.462517 5.852844
1586232293622711 -0.716949 10.467104 3.531806
1586232561712554 -0.542872 8.274081 4.631308
1586232829802398 -1.113859 10.232307 3.224329
1586233097892242 0.303589 9.133404 3.798905
1586233365982086 -0.602094 10.343575 3.546163
1586233634071981 -0.450150 8.564810 2.898606
1586233902161825 -0.362214 9.801899 3.199204
1586234170251721 0.559621 8.523534 1.268794
1586234438341565 -0.322732 9.317950 2.859722
1586234706431461 -0.726521 9.219545 1.078565
1586234974521356 -0.942174 9.325727 2.746661
1586235242611252 0.770190 9.029915 2.035694
1586235510701200 -0.292223 9.363414 2.849553
1586235778791096 -0.468694 9.295816 1.059422
1586236046880992 -0.235693 9.568599 2.492125
1586236314970940 0.041276 9.114262 2.170290
1586236583060888 -0.160319 9.766006 2.250450
1586236851150783 -0.822832 9.198608 3.055336
1586237119240731 -0.599103 9.495019 2.641975
1586237387330627 0.029910 9.139386 2.248057
1586237655420575 -0.432204 9.840483 2.595913
1586237923510523 -0.526122 9.410074 2.067997
1586238191600471 -0.304188 9.478270 2.922534
1586238459690419 0.408275 9.070593 1.498206
1586238727780367 -0.050249 9.444770 2.039283
1586238995870315 -0.377767 9.540483 1.596910
1586239263960315 -0.606880 9.322138 2.868097
1586239532050315 0.183649 9.069994 1.917548
1586239800140263 -0.335892 8.869596 2.392225
1586240068230263 -0.421436 9.156734 2.449054
1586240336320263 -1.133002 8.903693 2.738286
1586240604410211 -0.479462 9.392726 3.464209
1586240872500211 0.096311 8.446364 1.925325
1586241140590211 -0.822234 9.292228 4.567898
1586241408680211 -0.866800 8.649157 2.838785
1586241676770211 -0.086740 9.711570 5.261518
1586241944860263 -0.083151 8.668898 2.573780
1586242212950263 0.138784 9.826126 4.867898
1586242481040263 -0.923031 8.432606 2.654538
1586242749130500 -0.171685 9.921839 3.066701
1586243017220552 -0.456730 8.458927 2.868097
1586243285310604 -1.488635 10.504790 3.586243
1586243553400656 -0.541077 8.458329 1.952842
1586243821490708 0.168694 10.867902 2.512464
1586244089580812 0.190828 7.656434 2.724528
1586244357670916 -0.713958 10.780563 1.738087
1586244625761021 -0.218345 7.822735 1.809273
1586244893851125 0.131605 10.904990 1.499403
1586245161941229 -0.011964 7.597810 2.191826
1586245430031385 -0.873380 11.262418 2.955435
1586245698121541 -0.109472 7.895717 1.984248
1586245966211750 0.615853 11.085349 4.482953
1586246234301906 0.245863 8.383554 1.493420
1586246502392166 -0.931406 11.206186 2.600699
1586246770482375 0.055035 7.950153 1.495215
1586247038572635 0.004786 11.029716 3.342773
1586247306662948 -0.253041 7.424630 1.577169
1586247574753260 -1.097109 11.523535 2.890829
1586247842843573 0.035892 7.819146 1.864308
1586248110933937 0.573978 11.128420 3.046362
1586248379024302 -0.236291 7.832307 2.322833
1586248647114666 -1.102493 11.059028 4.661219
1586248915205083 -0.113061 7.911270 2.461616
1586249183295552 0.819841 10.638190 3.539583
1586249451386021 -0.102891 8.063214 2.512464
1586249719476489 -1.335793 11.188839 2.759822
1586249987567010 -0.144168 8.295617 1.824228
1586250255657583 0.639781 10.849956 2.881856
1586250523748156 -0.117847 7.942377 2.121237
1586250791838729 -1.431207 11.592328 2.907579
1586251059929354 -0.100499 7.351050 1.718944
1586251328020031 0.062213 11.652747 5.488537
1586251596110656 0.200997 7.962117 1.930111
1586251864201333 -1.195813 10.802697 3.946662
1586252152914406 -0.422632 8.429615 1.986043
1586252400382791 0.420838 10.906785 1.685444
1586252668473521 0.084945 7.859824 2.258825
1586252936564302 -1.116850 11.225927 1.898406
1586253204655083 -0.013161 7.917252 1.292722
1586253472745916 0.334696 11.283954 2.674877
1586253740836698 0.192622 7.938189 2.203192
1586254008927583 -0.937986 11.077573 3.885047
1586254277018416 -0.270389 7.765308 2.053640
1586254545109354 0.066401 11.084751 4.645665
1586254813200239 -0.090329 8.067402 1.632802
1586255081291177 -1.255634 10.873883 4.582255
1586255349382166 -0.629013 8.427222 1.880460
1586255617473156 0.130409 11.239686 4.157828
1586255885564146 -0.230309 8.186744 1.927119
1586256153655187 -1.265205 11.201401 2.682055
1586256421746229 -0.261416 7.937591 1.551446
1586256689837323 0.577568 11.071590 2.728715
1586256957928416 0.047856 7.943573 1.893022
1586257226019510 -1.255634 10.913365 3.507878
1586257494110656 -0.451346 8.057232 1.995614
1586257762201854 0.490828 10.981859 3.724728
1586258030293052 -0.427418 7.867601 2.169692
1586258298384250 -0.901496 11.200803 2.981158
1586258566475500 -0.465703 8.193324 2.307878
1586258834566750 0.445364 10.770992 1.621436
1586259102658000 -0.048455 7.724630 2.530709
1586259370749302 -0.737288 11.076974 2.334797
1586259638840604 -0.278764 7.835298 2.924328
1586259906931958 0.465703 11.008779 3.553940
1586260175023312 0.141775 7.967501 1.985445
1586260443114666 -1.116252 10.975878 4.063312
1586260711206073 -0.317348 8.254341 2.408974
1586260979297531 0.128016 10.772787 4.442275
1586261247388989 -0.110070 8.124231 2.386841
1586261515480448 -1.086342 10.571192 3.312265
1586261783571958 -0.425623 7.820343 2.085943
1586262051663521 0.224925 10.750054 4.192524
1586262319755083 -0.281456 8.111669 2.354537
1586262587846698 -1.354936 11.079966 2.268396
1586262855938364 -0.384347 7.996215 1.732105
1586263124030083 0.174078 10.868500 3.709772
1586263392121854 -0.377767 8.115258 2.124228
1586263660213677 -1.264009 10.668699 4.296911
1586263928305552 -0.152542 8.442776 2.161317
1586264196397427 0.052642 10.061221 6.097809
1586264464489406 -0.369392 8.634800 2.801696
1586264732581437 -0.890130 9.706784 6.533004
1586265000673468 -0.939183 8.730213 2.618645
1586265268765552 -0.376570 9.960124 7.391130
1586265536857635 -0.140578 8.272287 1.898406
1586265804949771 -0.838983 9.184252 4.147061
1586266073041906 -0.845265 8.485847 2.804089
1586266341134093 0.486042 9.224930 1.295713
1586266609226281 0.323928 9.170493 3.157928
1586266877318521 -0.613460 9.100503 1.681855
1586267145410760 -0.521336 9.538090 4.480560
1586267413503052 0.208774 9.143574 1.033699
1586267681595291 -0.128614 8.994620 2.163112
1586267949687635 -0.517747 9.676275 2.739483
1586268217779979 -0.038285 9.529716 3.077469
1586268485872323 0.355035 9.123235 2.715555
1586268753964718 -0.337687 9.761221 2.986542
1586269022057114 -0.912862 9.426226 3.242873
1586269290149562 -0.425623 9.806087 3.378067
1586269558242010 -0.245863 9.004191 4.573282
1586269826334510 -0.563809 9.966106 3.011068
1586270094427010 -0.766601 8.660522 3.732504
1586270362519510 -0.495015 10.305289 3.509074
1586270630612114 -0.077767 8.931808 4.369294
1586270898704666 -0.908076 10.283155 3.042175
1586271166797323 -1.319044 8.245368 2.940480
1586271434889927 -0.649950 10.234700 4.425526
1586271702982635 -0.389731 9.058628 4.435097
1586271971075343 -1.060619 10.529317 3.822833
1586272239168104 -0.792323 8.231010 3.223132
1586272507260864 -0.696611 10.445568 4.528417
1586272775353677 -0.345464 8.975478 5.799604
1586273043446541 -0.580559 10.538888 3.151347
1586273311539406 -1.277767 8.201100 3.812066
1586273579632323 -0.258425 10.523933 3.982554
1586273847725239 -0.200399 8.253144 4.788337
1586274115818208 -0.385544 10.748858 4.890630
1586274383911177 -0.729512 8.032107 4.381856
1586274652004198 -0.217747 10.625030 3.880261
1586274920097271 -0.209372 8.244769 4.068696
1586275188190343 -0.307777 10.564013 3.684050
1586275456283468 -0.527916 7.765308 3.903591
1586275724376593 -0.288036 11.044073 3.967001
1586275992469771 0.105882 7.686943 4.196712
1586276260563000 -0.822234 10.796117 4.990530
1586276528656281 -0.313759 6.943971 4.079463
1586276796749562 -0.203390 11.133803 3.894020
1586277064842843 -0.198006 7.145267 2.537289
1586277332936229 -0.602692 10.956735 3.324827
1586277601029614 -0.044267 7.366005 2.921936
1586277869123052 -0.503390 10.865508 1.978864
1586278137216489 0.044865 7.300203 3.547359
1586278405310031 -0.160917 11.145169 1.712364
1586278673403573 -0.116052 7.398907 2.984149
1586278941497166 -0.860818 10.909776 1.834996
1586279209590812 0.170489 7.205088 2.401796
1586279477684510 -0.211167 10.672886 2.805285
1586279745778260 -0.181855 7.698907 3.473182
1586280013872062 -0.589532 10.921142 3.531806
1586280281965916 0.113061 7.169196 2.252244
1586280550059771 0.754636 10.745269 3.712764
1586280818153729 0.023928 7.399505 3.342175
1586281086247687 0.024526 10.927124 4.618746
1586281354341698 0.285643 8.585747 5.474180
1586281622435760 0.163310 10.586744 3.841378
1586281890529875 -0.069392 8.226824 5.368896
1586282158624041 -0.679263 10.465309 3.961019
1586282426718260 0.655334 8.581559 3.063112
1586282694812479 -0.461516 10.152746 3.796512
1586282962906750 -0.415454 9.092726 3.855735
1586283231001073 -0.166301 9.834501 3.949055
1586283499095448 1.363311 8.739186 2.933900
1586283767189875 -0.307179 9.830314 2.608476
1586284035284354 -0.145364 9.065208 2.105684
1586284303378833 -0.203988 10.181460 2.536093
1586284571473364 0.228515 8.895916 1.998605
1586284839567896 -0.623629 10.495219 3.878466
1586285107662531 -0.396311 9.066405 3.753441
1586285375757166 -0.195613 10.137792 3.092125
1586285643851854 0.478864 8.837891 2.898606
1586285911946541 -0.196810 10.045070 4.178766
1586286180041333 -0.724128 8.700303 2.483152
1586286448136125 -0.143569 10.054043 2.987738
1586286716230968 0.399302 8.941978 2.985345
1586286984325864 -0.302991 9.854840 3.242275
1586287252420812 -0.567996 8.759525 2.236691
1586287520515760 -0.136391 10.044471 3.619742
1586287788610760 0.655334 8.318349 2.871686
1586288056705812 -0.039482 9.978668 2.909373
1586288324800916 -0.435195 8.976076 2.286940
1586288592896021 -0.483649 9.791729 2.787339
1586288860991177 0.472882 8.703893 2.049453
1586289129086385 -0.396311 9.711570 2.848954
1586289397181593 -1.062413 9.257233 1.919343
1586289665276906 -0.209970 9.399904 2.600699
1586289933372218 0.921835 8.869596 1.265205
1586290201467583 -0.429213 9.471689 2.700001
1586290469563000 0.162114 8.991031 1.903790
1586290737658468 0.034696 9.094521 3.305685
1586291005753937 0.331107 9.069994 2.486741
1586291273849510 0.267996 9.001201 2.974578
1586291541945083 0.824627 9.242277 3.701397
1586291810040656 -0.141177 8.717052 3.017648
1586292078136281 1.079163 8.576774 4.093222
1586292346231958 -0.700798 9.544072 3.267399
1586292614327687 -0.561416 9.165109 2.752643
1586292882423416 -0.655932 8.956335 2.841178
1586293150519198 -0.229113 9.158528 4.084847
1586293418614979 -0.075972 9.282657 3.043969
1586293686710864 -0.235693 8.842676 4.551149
1586293954806698 -0.602094 9.064013 3.226721
1586294222902635 0.815055 8.729017 3.773182
1586294490998573 0.111864 9.367003 2.355136
1586294759094562 0.030508 9.532706 1.930111
1586295027190552 -0.410070 8.934201 3.287738
1586295295286646 0.533899 9.010174 1.231705
1586295563382687 -0.468096 9.627821 3.269194
1586295831478781 0.356830 9.058628 1.589133
1586296099574927 -0.425623 9.686445 2.798705
1586296367671125 0.295215 8.846265 1.078565
1586296635767323 -0.241675 10.274780 2.811268
1586296903863573 -0.856032 8.956933 2.109273
1586297171959823 -0.326321 10.217353 3.541976
1586297440056125 0.438186 8.769695 2.185245
1586297708152479 -0.247657 10.044471 3.024229
1586297976248833 -0.711566 9.196216 2.647359
1586298244345187 -0.283250 9.751650 2.858526
1586298512441646 0.774377 8.897711 1.359123
1586298780538104 -0.374178 9.800104 2.398206
1586299048634614 -0.340678 9.221938 1.083350
1586299316731177 -0.460917 9.910473 3.297908
1586299584827739 0.509372 8.854042 1.480260
1586299852924406 -0.216550 9.999007 3.244668
1586300121021073 -0.827019 9.279067 0.783350
1586300389117791 -0.440578 9.824331 2.930909
1586300657214510 0.645165 8.991630 1.366900
1586300925311333 -0.376570 10.217951 2.786143
1586301193408156 -0.658325 9.277272 1.721337
1586301461505031 -0.098704 9.648160 2.488536
1586301729601958 0.834796 8.817552 0.641576
1586301997698937 -0.092722 9.708579 2.503491
1586302265795916 -0.396311 9.072986 1.339981
1586302533892948 -0.151944 9.732507 3.190231
1586302801989540 0.818644 8.616854 1.998007
1586303070086623 -0.020937 9.716355 3.017050
1586303338183811 -0.856032 9.061620 1.720739
1586303606280946 -0.678664 9.186645 3.129812
1586303874378186 0.611665 9.474082 2.176870
1586304142475425 -0.304188 9.139984 2.356930
1586304410572717 -0.696012 9.260523 1.103689
1586304678670009 -0.723530 9.623633 3.193222
1586304946767352 0.589532 8.832506 1.669293
1586305214864748 -0.681057 9.932607 2.749054
1586305482962144 -0.681655 9.172287 2.344368
1586305751059592 -0.483051 10.169497 3.635296
1586306019157040 0.343071 8.836096 2.382055
1586306287254540 -0.718146 10.085149 2.932703
1586306555352040 -1.079761 8.764311 2.651546
1586306823449592 -0.582353 10.389337 3.477370
1586307091547144 -0.228515 8.571988 2.900998
1586307359644748 -0.507577 10.465309 3.543770
1586307627742352 -0.752842 9.112467 1.773979
1586307895840009 -0.329910 10.174282 3.176472
1586308163937665 -0.174078 8.735598 2.425724
1586308432035373 -0.947558 10.117453 3.620939
1586308700133134 -0.778565 9.316155 1.693819
1586308968230894 -0.078963 10.088140 3.646064
1586309236328655 1.011566 8.564810 0.789931
1586309504426519 -0.278764 9.819247 2.822035
1586309772524384 -0.503988 8.695817 3.309872
1586310040622300 -0.478265 9.982258 3.668496
1586310308720217 0.526720 8.289635 3.517449
1586310576818238 -0.445364 10.693225 3.827619
1586310844916207 -0.709173 7.939385 4.596014
1586311113014227 -0.352642 11.117054 4.363910
1586311381112300 -0.282652 8.172386 4.251448
1586311649210425 -0.130409 10.736296 3.695415
1586311917308550 -0.948754 7.551449 3.728915
1586312185406727 -0.609871 10.926525 3.699005
1586312453504957 0.118445 8.174780 4.429713
1586312721603238 -0.349651 10.785349 4.323831
1586312989701519 -0.749851 7.495816 3.941876
1586313257799852 -0.239282 11.123634 3.611367
1586313525898238 0.437587 7.870592 4.924728
1586313793996623 -0.105284 10.597512 3.336791
1586314062095061 -0.897907 7.548458 4.815257
1586314330193498 -0.335892 11.078171 3.068496
1586314598291988 0.064606 8.542676 5.532206
1586314866390530 -0.051446 10.516156 4.509872
1586315134489071 -0.301795 7.519146 3.874877
1586315402587665 0.267398 10.340583 3.874877
1586315670686311 0.996012 8.816954 4.549354
1586315938785009 -0.471685 10.186844 3.728915
1586316206883707 -0.076570 9.100503 4.190132
1586316474982405 -0.453739 9.784551 3.078067
1586316743081207 1.381257 8.201100 1.090529
1586317011179957 -0.500399 9.285647 2.732304
1586317279278811 -0.322134 9.020942 2.603690
1586317547377665 -0.460917 8.849257 3.240480
1586317815476571 0.117248 9.453743 6.009873
1586318083575477 -0.768395 9.219545 2.505285
1586318351674436 -0.770190 9.275477 5.372485
1586318619773446 -0.524327 8.995218 3.386442
1586318887872457 -0.029312 9.598509 5.199903
1586319155971519 -0.404686 8.983852 1.834398
1586319424070582 -0.328116 9.396316 3.326024
1586319692169696 -0.639183 8.973683 2.908177
1586319960268811 0.058624 9.315557 4.958228
1586320228368030 -0.017348 9.145967 2.187040
1586320496467196 -1.110270 8.928818 5.129314
1586320764566467 -1.125225 9.046664 3.160321
1586321032665738 0.486640 9.315557 5.153841
1586321300765061 -0.392722 9.559028 2.765804
1586321568864436 -0.385544 9.180662 3.354737
1586321836963863 -0.860818 9.521340 3.574877
1586322105063290 -0.186640 9.568599 2.248057
1586322373162821 -0.432204 9.284451 2.212165
1586322641262352 -0.763610 9.140582 0.704387
1586322909361884 -0.682852 9.768997 3.457629
1586323177461519 1.184447 8.470891 0.239880
1586323445561155 -0.741476 9.611670 2.196611
1586323713660842 -0.559023 9.214162 1.185045
1586323981760582 -0.482453 9.627821 3.374478
1586324249860373 0.548854 8.804391 2.026123
1586324517960217 -0.082552 9.768399 2.453840
1586324786060061 -0.214158 9.212965 1.189831
1586325054159957 0.451944 9.441181 2.969194
1586325322259905 1.400399 8.314161 1.161715
1586325590359905 -0.573380 9.758230 3.258426
1586325858459957 0.679861 9.248857 3.183650
1586326126560009 -0.632004 9.360423 3.389433
1586326394660113 1.864906 8.895916 1.822434
1586326662760269 -0.737288 9.453743 2.483750
1586326930860477 -0.282054 9.154940 1.592723
1586327198960686 -0.736690 9.718748 3.451647
1586327467060946 1.163510 8.530712 2.103291
1586327735161259 -0.832403 9.972089 2.992524
1586328003261623 -0.544666 9.074780 2.003391
1586328271361988 -0.776172 8.958728 2.666502
1586328539462352 1.525724 8.714660 1.095315
1586328807562821 -1.101297 9.823733 3.587439
1586329075663238 -0.669093 9.517153 0.955933
1586329343763759 -0.198604 9.773783 3.167499
1586329611864280 0.767797 8.674281 1.662713
1586329879964852 -0.929612 9.885947 3.063710
1586330148065477 -0.304786 8.999406 0.783949
1586330416166102 -0.457926 9.572786 2.914757
1586330684266780 0.483051 8.727222 0.584148
1586330952367457 -0.538684 9.401101 2.175674
1586331220468186 -0.335892 9.187243 1.472483
1586331488568967 -0.618844 10.127024 3.476771
1586331756669800 0.800698 8.827721 1.327418
1586332024770634 -0.682852 10.138390 2.143371
1586332292871519 -0.780958 9.025128 1.768595
1586332560972457 -0.357428 10.426426 3.879663
1586332829073394 0.128614 8.311769 3.582654
1586333097174384 -0.251845 10.547263 4.014857
1586333365275373 -0.942772 8.017152 4.038785
1586333633376415 -0.518943 10.714761 3.531806
1586333901477509 -0.038285 7.984251 4.011866
1586334169578602 -0.496810 10.958529 4.065705
1586334437679748 -0.926621 7.785048 3.549752
1586334705780894 -0.348455 10.916356 3.283551
1586334973882092 -0.428016 8.432008 5.028218
1586335241983290 0.162114 10.643574 3.595216
1586335510084540 -1.232902 8.085946 3.795914
1586335778185842 -0.676271 10.973485 3.487539
1586336046287092 -0.144766 8.512766 4.634897
1586336314388446 -0.387936 11.100903 3.661916
1586336582489748 -0.639781 8.048857 3.294319
1586336850591155 -0.506979 11.141581 3.893422
1586337118692509 -0.340080 8.848060 5.432904
1586337386793915 -0.268594 10.893624 3.740879
1586337654895321 -0.556032 7.783852 4.756931
1586337922996780 -0.302393 11.425130 4.162016
1586338191098238 0.077169 7.377371 3.704389
1586338459199748 0.108275 11.121242 3.625126
1586338727301259 -0.153141 7.215856 2.949453
1586338995402821 -0.777368 11.514562 3.696612
1586339263504384 -0.154337 7.264909 2.586940
1586339531605946 -0.072383 11.714362 3.479164
1586339799707561 -0.599103 7.422237 3.180660
1586340067809227 -0.740878 11.620444 3.691228
1586340335910842 -0.162712 7.652247 3.475575
1586340604012561 0.189631 11.202598 4.657031
1586340872114227 -0.177069 7.041180 3.743272
1586341140215946 -0.310768 11.449059 4.110570
1586341408317665 0.006580 7.139286 2.629413
1586341676419436 0.328116 11.172688 3.291327
1586341944521207 0.043669 7.057331 3.415754
1586342212623030 -0.162712 11.298908 2.697010
1586342480724905 0.231506 7.020841 3.568297
1586342748826780 0.072383 10.783554 3.062514
1586343016928707 -0.128614 7.197910 3.745067
1586343285030634 -0.544666 11.336596 3.237489
1586343553132613 0.140578 7.431808 4.735396
1586343821234644 -0.410668 10.875080 3.642474
1586344089336623 -0.105284 7.631310 4.606184
1586344357438655 -0.357428 11.029716 2.640181
1586344625540686 0.051446 7.161419 3.046362
1586344893642769 0.048455 10.762617 2.853740
1586345161744800 -0.039482 7.336095 3.424727
1586345429846884 0.142373 11.444272 2.182853
1586345697948967 0.247059 6.783652 2.122434
1586345966051102 0.309571 11.204990 2.032105
1586346234153186 -0.157926 7.360621 2.706582
1586346502255321 -0.142971 11.142179 1.657329
1586346770357457 -0.157926 6.961319 2.160719
1586347038459644 0.232104 11.265409 2.187638
1586347306561832 0.303589 7.263712 2.857329
1586347574664019 -0.221934 11.551650 4.226921
1586347842766259 0.083151 6.984649 2.123032
1586348110868498 0.280858 10.828420 2.996113
1586348378970790 -0.060419 7.224829 3.544369
1586348647073134 -0.297009 11.232508 3.524628
1586348915175530 -0.167498 7.497013 3.583252
1586349183277925 0.427418 10.633405 4.199703
1586349451380425 0.087936 7.923832 3.781557
1586349719482925 0.111864 11.032109 4.597210
1586349987585477 -0.141177 8.085946 5.244170
1586350255688082 -0.453141 10.735698 3.664309
1586350523790790 -0.640977 7.915457 4.359125
1586350791893550 -0.181855 10.911571 5.599205
1586351059996467 -0.423230 8.702098 5.254339
1586351328099592 -0.527916 10.845169 3.703192
1586351596202821 -0.725923 8.971889 4.053143
1586351864306207 -0.211765 9.752846 2.860919
1586352132409696 0.940978 8.875577 2.143969
1586352400513290 -0.449552 9.896714 2.637190
1586352668617040 -0.683450 9.150752 1.532304
1586352936720894 -0.259621 9.681660 3.397210
1586353204824800 0.746860 9.228518 1.802693
1586353472928863 -0.466301 9.752846 2.640181
1586353741032977 -0.682254 8.792427 2.490928
1586354009137248 -0.319741 9.617053 2.972783
1586354277241519 0.989432 8.463713 1.364507
1586354545345946 -0.799502 9.506385 3.148955
1586354813450477 -1.098306 8.767303 2.280958
1586355081555061 -0.751047 10.446166 3.747459
1586355349659748 -0.294616 8.916854 3.788137
1586355617764488 -0.417847 9.739087 3.960421
1586355885869280 -0.648754 8.733205 3.023631
1586356153974175 0.067597 9.978070 3.507280
1586356422079123 0.780359 8.491230 1.995614
1586356690184123 -0.223729 9.997213 2.583949
1586356958289175 -0.794118 8.504989 1.624427
1586357226394227 -0.086740 10.275977 2.901597
1586357494499384 0.154935 8.595318 4.265805
1586357762604644 -0.209372 10.571192 2.816651
1586358030709957 -0.825225 8.705089 4.037589
1586358298815321 -0.287438 10.127622 3.855136
1586358566920738 -0.011964 8.765508 4.237091
1586358835026207 -0.087936 9.906285 3.219543
1586359103131675 -0.302393 8.952147 2.412563
1586359371237248 -0.002393 9.285647 2.406581
1586359639342769 0.114855 9.022138 2.143969
1586359907448394 -0.981057 9.092726 2.829214
1586360175554019 -1.560419 9.090333 6.018248
1586360443659644 -0.672084 8.495418 3.267399
1586360711765321 0.487238 10.475478 6.957132
1586360979871102 0.169292 8.592327 3.154338
1586361247976832 -0.422034 11.118251 3.196811
1586361516082665 -0.487837 8.694620 1.700998
1586361784188498 0.108873 10.635200 2.255834
1586362052294384 -0.122632 8.198708 3.159722
1586362320400269 0.058624 10.345368 4.129115
1586362588506155 -0.388535 8.355437 3.370889
1586362856611861 -0.368196 9.999606 3.309274
1586363124717746 0.279960 9.099306 2.216950
1586363392823684 -0.340678 9.572786 2.756831
1586363660929621 -0.340080 9.142975 4.106981
1586363929035559 -0.473480 9.075976 2.516053
