# Created at Thu Nov 21 18:10:44 GMT+09:00 2024
1137577948647976 -1.165903 9.272487 2.285146
1137578216634487 -0.773779 8.951550 2.065006
1137578484621414 -0.919442 9.355040 2.892623
1137578752608862 0.303589 8.709874 2.951846
1137579020596882 -0.595514 9.268299 2.865106
1137579288585424 -1.191028 10.371690 4.594818
1137579556574539 1.154537 6.778867 4.412365
1137579824564226 -0.774975 10.089935 2.993720
1137580092554487 -0.266800 7.673782 3.335595
1137580360545320 -0.265005 8.749954 3.267399
1137580628536778 0.400499 9.304192 6.337690
1137580896528810 -0.087338 8.168797 3.154338
1137581164521466 -0.709771 8.998210 5.485546
1137581432514695 -0.364008 8.231609 4.251448
1137581700508549 0.484247 9.017352 4.575077
1137581968502976 0.117248 8.564810 3.766602
1137582236497976 -1.231705 9.007183 4.286144
1137582504493601 -1.143769 8.612666 3.332604
1137582772489799 0.456730 8.493025 4.105186
1137583040486622 -0.897907 9.110074 3.740879
1137583308483966 -0.607478 8.525927 3.804887
1137583576481935 0.399302 9.447762 4.459025
1137583844480528 0.692423 7.634899 4.068098
1137584112479695 -0.609272 9.539287 5.233402
1137584380479382 -0.436989 7.239186 4.695914
1137584648479695 0.340678 9.942777 5.174778
1137584916480580 0.167498 7.147062 4.820640
1137585184481987 -0.169292 9.879367 5.067101
1137585452483966 0.012562 6.885945 3.992126
1137585720486518 -0.431007 10.015160 6.711867
1137585988489591 -0.197408 6.951150 4.230510
1137586256493185 -1.110868 11.222338 5.514260
1137586524497351 -0.416650 7.049555 4.931907
1137586792501987 -0.127418 11.156535 4.578068
1137587060507195 -0.017946 7.430612 3.889234
1137587328512872 -0.042473 9.912268 4.568497
1137587596519070 0.334696 6.099604 3.531806
1137587864525789 0.757627 9.624830 4.040580
1137588132532976 0.528515 6.801599 3.022434
1137588400540685 -0.320937 10.868500 4.819444
1137588668548862 0.366999 6.780063 3.470789
1137588936557507 0.328714 11.056037 4.907380
1137589204566674 -0.122632 7.500003 3.269194
1137589472576310 -0.932603 10.684252 5.227420
1137589740586414 -0.077767 7.294819 3.809075
1137590008596987 0.235693 10.616056 5.592625
1137590276608028 0.350249 7.867002 3.366103
1137590544619487 -1.067797 10.362717 5.177171
1137590812631466 0.061615 8.143075 3.803691
1137591080643862 0.291027 9.039486 6.695716
1137591348656726 -0.068794 8.420044 3.309274
1137591616669955 -0.383151 9.163913 5.656034
1137591884683705 -0.165105 7.791030 3.602993
1137592152697820 0.166301 8.357830 5.044369
1137592420712351 -0.284447 9.483055 3.858127
1137592688727299 -0.651745 8.365009 4.114758
1137592956742664 -0.065204 9.084352 3.859922
1137593224758393 0.312562 7.867002 4.335794
1137593492774539 -0.208176 9.147761 5.046762
1137593760791101 -0.963111 8.117053 3.343371
1137594028807976 -0.457926 9.505189 5.751149
1137594296825268 0.062812 8.350652 3.631108
1137594564842924 -0.578764 10.914561 3.959822
1137594832860893 -0.536291 7.775477 3.681657
1137595100879278 0.096311 10.784751 5.412565
1137595368898028 0.077169 7.360023 4.269394
1137595636917091 -0.205783 10.240683 6.680761
1137595904936518 -0.111864 6.696912 4.552345
1137596172956310 0.371187 10.918151 6.059524
1137596440976414 0.065204 6.655636 3.361916
1137596708996830 0.383749 10.767403 4.742575
1137596977017612 0.200997 6.476174 3.802494
1137597245038705 0.389133 11.412567 4.234698
1137597513060112 0.290429 6.572485 3.096911
1137597781081830 -0.435793 11.408978 3.215954
1137598049103862 0.304188 7.363014 2.839383
1137598317126153 0.766601 11.102697 4.439882
1137598585148810 0.324527 7.665407 2.799303
1137598853171726 -0.120239 10.205389 5.522037
1137599121194955 -0.322732 8.149654 2.973979
1137599389218497 0.672682 8.613264 5.374878
1137599657242299 -0.211167 9.534501 4.878068
1137599925266414 -0.623031 7.583453 5.678766
1137600193290789 0.208774 9.643374 4.080062
1137600461315476 0.618246 8.705089 4.311866
1137600729340476 -0.026919 8.941380 4.318447
1137600997365737 -0.655932 8.448159 3.239284
1137601265391257 -0.096311 9.816854 4.743173
1137601533417091 0.905085 7.929216 3.063710
1137601801443237 0.236291 10.777573 4.817649
1137602069469591 0.061017 7.962117 2.211566
1137602337496257 0.178863 10.191629 5.379663
1137602605523237 -0.058624 7.321140 4.698905
1137602873550476 -0.020339 10.611271 5.898009
1137603141577976 0.413061 6.854839 3.528815
1137603409605789 0.768993 10.832009 6.399305
1137603677633862 -0.308375 6.817152 3.372684
1137603945662195 -0.402892 11.876476 3.760022
1137604213690789 0.346062 6.994819 3.205784
1137604481719643 0.991227 11.759826 3.425326
1137604749748757 0.567398 7.251748 3.205186
1137605017778080 -0.202194 10.073185 5.529813
1137605285807716 0.171685 7.655836 2.628815
1137605553837507 0.987638 9.476475 6.576673
1137605821867560 0.023928 8.358429 3.024827
1137606089897872 -0.339482 8.775677 4.866702
1137606357928341 0.247059 8.702696 3.828217
1137606625959070 1.239482 8.814561 2.320440
1137606893989955 -0.326321 9.664909 3.801896
1137607162021049 -0.821037 8.273483 2.514258
1137607430052351 0.807279 10.034302 5.469394
1137607698083862 0.376570 7.342675 3.515655
1137607966115528 -0.548256 10.079765 5.797211
1137608234147351 0.233898 6.262316 4.967201
1137608502179382 0.866202 11.099108 6.108577
1137608770211570 0.078365 6.652047 4.295715
1137609038243966 0.050847 10.548459 4.276572
1137609306276466 0.368196 6.527022 4.326223
1137609574309174 1.119841 11.543874 4.436293
1137609842342039 0.269193 7.194320 2.965006
1137610110375112 -0.685245 11.369496 3.679862
1137610378408341 0.382553 6.759724 2.652145
1137610646441778 0.483649 11.668899 4.768297
1137610914475372 0.607478 7.054340 2.288735
1137611182509174 -0.417248 10.668100 6.788438
1137611450543132 -0.098106 7.757531 3.320041
1137611718577351 0.743271 10.235897 7.647461
1137611986611726 0.371187 7.672586 3.498307
1137612254646310 0.109472 8.877372 6.734599
1137612522681101 -0.135194 7.841878 4.374678
1137612790716153 0.710967 8.318349 6.341877
1137613058751362 0.340080 8.900104 3.614359
1137613326785662 -0.923630 7.928618 5.497510
1137613594821339 -0.197408 9.169894 3.405585
1137613862857225 1.003789 7.421041 5.097012
1137614130893319 0.030508 9.229117 4.195516
1137614398929621 -0.761217 7.916654 3.105884
1137614666966183 0.572782 9.065806 4.834399
1137614935002954 1.018744 8.062616 2.927319
1137615203039933 -0.596710 9.865009 4.264608
1137615471077121 -0.471087 7.267302 3.447459
1137615739114569 0.837787 10.531112 6.252146
1137616007152225 0.346660 6.970293 4.032205
1137616275190142 0.002991 10.351351 5.198108
1137616543228267 -0.273380 6.180362 4.590630
1137616811266704 -0.007178 11.218151 4.986343
1137617079305350 0.480658 6.552146 3.872484
1137617347344256 -0.676870 12.086745 4.039384
1137617615383475 -0.117847 7.080661 2.841776
1137617883422954 0.990030 10.592727 7.890931
1137618151462694 0.532104 8.163414 2.695216
1137618419502694 -0.068195 8.685049 6.401100
1137618687543006 -0.321536 8.563015 4.237091
1137618955583579 0.725324 7.779665 5.645267
1137619223624464 -0.239282 9.257831 4.943273
1137619491665662 -0.699003 8.096115 2.822035
1137619759707121 0.310768 10.275977 6.343074
1137620027748839 0.907478 6.513862 4.327420
1137620295790871 -1.239482 9.899706 5.237590
1137620563833162 -0.371187 6.951748 5.001897
1137620831875819 0.654138 10.512568 6.836294
1137621099918683 -0.697807 6.648458 5.171787
1137621367961860 0.250050 10.214361 5.557331
1137621636005298 0.374178 5.678168 5.214260
1137621904048996 0.933799 11.190035 6.370591
1137622172093006 -0.207577 6.017650 3.178865
1137622440137225 -0.731905 11.230115 4.439882
1137622708181756 -0.095115 6.538986 2.737688
1137622976226496 1.531107 11.563615 4.728816
1137623244271496 0.097508 7.164410 2.842374
1137623512316704 0.672682 11.174481 5.150850
1137623780362173 1.229911 6.970891 2.169094
1137624048407850 2.875874 11.382059 4.419543
1137624316453787 1.054637 7.012765 3.358327
1137624584499881 -0.774377 10.425229 5.136493
1137624852546183 -0.100499 7.564012 2.994917
1137625120592694 2.042872 10.607682 4.439284
1137625388639412 0.667298 6.624529 3.175276
1137625656686339 -0.808475 11.637792 5.248357
1137625924733423 -0.357428 7.495218 3.021238
1137626192780714 1.237687 12.281162 5.085645
1137626460828162 0.729512 7.026823 3.270390
1137626728875819 -0.444168 10.595717 4.039982
1137626996923631 -0.234497 7.625328 2.102693
1137627264971600 2.047658 10.688439 4.645067
1137627533019777 0.185444 8.023732 2.820839
1137627801068110 0.272184 9.198608 6.313163
1137628069116548 0.147159 8.178967 2.557628
1137628337165194 1.085743 9.377771 5.602196
1137628605213996 0.270987 8.328518 3.338586
1137628873262902 0.247059 8.275278 6.457630
1137629141312017 -0.278764 8.398508 3.060719
1137629409361287 0.368196 9.056833 6.760921
1137629677410714 0.184846 8.883354 3.899404
1137629945460246 0.351446 8.303992 5.742176
1137630213509985 -0.122632 9.018549 3.491726
1137630481559829 0.786940 8.201100 4.600800
1137630749609829 -0.405883 9.502796 4.539185
1137631017659985 0.041874 8.055437 4.680361
1137631285710298 -0.039482 9.023932 4.103392
1137631553760767 1.421636 7.881360 5.305785
1137631821811339 0.193220 9.334102 4.288537
1137632089862121 -0.727717 8.383554 3.646064
1137632357912954 -0.044865 9.140582 4.224528
1137632625963996 1.176072 8.622237 3.139982
1137632894015194 0.475873 9.240483 3.279962
1137633162066496 0.133400 9.438190 2.673680
1137633430118006 0.559621 8.499605 4.283153
1137633698169621 2.456233 7.825727 5.133502
1137633966221392 -0.194417 9.177073 4.603192
1137634234273319 0.005982 8.074580 4.536193
1137634502325350 -0.389133 8.861818 4.075276
1137634770377589 1.247259 7.620542 4.302893
1137635038429933 0.135194 9.356833 4.467400
1137635306482433 -0.364606 7.942975 3.863511
1137635574535037 0.182453 8.566605 4.539783
1137635842587798 0.893719 8.588140 3.190231
1137636110640714 0.153141 9.607482 5.858826
1137636378693735 -1.298106 8.236395 2.548057
1137636646746860 -0.298804 10.849357 6.075078
1137636914800142 0.431007 7.533503 3.580261
1137637182853527 -0.148355 11.033903 5.729016
1137637450907069 0.035892 6.926623 3.559324
1137637718960662 0.441775 11.170295 5.452645
1137637987014464 0.387338 6.402296 4.697709
1137638255068319 0.162712 10.158729 4.620541
1137638523122329 0.405883 6.104390 4.173382
1137638791176496 1.122832 10.931910 5.446662
1137639059230714 0.066401 5.799604 4.245466
1137639327285089 -0.516551 11.101501 3.507878
1137639595339569 0.128614 6.712466 4.507480
1137639863394204 0.835992 11.831013 3.570690
1137640131448996 0.569791 6.286842 2.554637
1137640399503839 -0.263211 12.040982 3.193820
1137640667558892 -0.144168 7.161419 2.289931
1137640935613996 2.917748 11.370693 2.059024
1137641203669256 0.007178 7.488637 2.629413
1137641471724673 0.023928 11.024930 5.104190
1137641739780194 -0.340678 8.063812 2.804089
1137642007835871 1.670489 11.104491 3.014059
1137642275891652 0.578166 7.580462 2.235495
1137642543947589 -0.765404 10.082158 6.140282
1137642812003631 -0.263809 7.893922 2.582155
1137643080059777 0.870389 9.119645 8.482856
1137643348116079 0.295215 7.668997 3.162713
1137643616172485 0.065803 7.616354 7.037591
1137643884229048 -0.202194 8.828918 2.970390
1137644152285714 1.400998 7.778468 6.252146
1137644420342537 0.025125 9.273085 4.512265
1137644688399464 -0.140578 8.178369 4.765904
1137644956456548 -0.292223 9.172287 4.566104
1137645224513735 1.386042 8.247761 3.333202
1137645492571027 -0.192622 9.462118 4.658826
1137645760628423 -0.362812 8.284251 4.393222
1137646028685975 0.327518 9.280862 3.998706
1137646296743631 1.143769 8.345268 3.153142
1137646564801392 0.267398 9.763614 3.834797
1137646832859308 -0.515354 8.760722 2.355136
1137647100917277 0.134596 9.963714 4.502096
1137647368975350 0.832403 8.369196 2.510071
1137647637033579 0.208774 10.345967 3.930510
1137647905091860 -0.637986 8.596515 1.906781
1137648173150298 0.521336 9.922438 5.113163
1137648441208787 0.929612 8.568398 2.534896
1137648709267381 0.078963 10.435399 4.189533
1137648977326079 -0.845863 8.166405 1.710569
1137649245384881 0.288634 10.526326 5.137689
1137649513443787 0.877568 7.679166 4.067499
1137649781502798 -0.145364 10.848161 4.400401
1137650049561860 -0.571586 7.532307 3.428317
1137650317621027 0.518943 11.032109 5.457430
1137650585680298 0.285045 7.369595 3.763013
1137650853739673 0.056830 11.568400 5.678766
1137651121799100 0.263809 7.431210 3.702594
1137651389858683 0.716949 11.194820 4.596014
1137651657918319 0.724128 7.281060 3.933501
1137651925978058 0.516551 11.268400 4.758128
1137652194037902 0.162712 7.219445 3.134598
1137652462097798 0.445364 11.166705 4.326223
1137652730157798 0.484846 7.270891 3.319443
1137652998217954 0.433400 10.896017 5.467600
1137653266278162 0.278764 6.589834 4.417150
1137653534338475 0.573978 11.298908 5.687141
1137653802398944 0.838983 6.350851 5.194519
1137654070459464 0.731306 10.464711 5.470591
1137654338520089 0.551845 6.829714 4.131507
1137654606580819 0.371785 11.152946 5.590232
1137654874641652 0.681057 6.771688 4.311268
1137655142702589 1.080359 10.476675 5.757131
1137655410763631 0.074178 6.240780 4.726423
1137655678824777 0.915853 11.027922 4.365705
1137655946886027 0.573380 6.384350 3.949055
1137656214947381 1.688435 10.278968 5.320740
1137656483008839 1.235893 6.228817 5.263911
1137656751070350 1.629811 10.803295 6.349056
1137657019131964 0.995414 6.177969 4.835596
1137657287193683 0.533300 10.181460 4.707280
1137657555255558 0.383749 6.692725 4.383053
1137657823317433 0.329312 10.905588 6.289834
1137658091379464 0.620638 6.849455 4.829015
1137658359441548 0.918246 10.065409 5.091628
1137658627503735 0.620638 6.600601 4.793123
1137658895566027 0.805484 10.473085 5.127520
1137659163628423 0.433400 7.108777 4.995317
1137659431690923 0.608674 9.820144 5.772087
1137659699753475 -0.202792 6.555138 4.767101
1137659967816183 0.248255 11.011770 4.652246
1137660235878944 0.170489 5.924330 4.608576
1137660503941860 0.580559 10.015160 5.162216
1137660772004829 0.692423 5.788836 4.489533
1137661040067902 0.698405 11.455638 4.883452
1137661308131079 0.165105 6.194719 4.293322
1137661576194360 0.850050 11.017154 4.077669
1137661844257746 0.352044 6.340681 4.286144
1137662112321183 0.236291 11.225927 5.117350
1137662380384777 0.930210 7.086045 5.210072
1137662648448475 0.459123 10.690832 3.975376
1137662916512225 0.747458 6.326324 3.812066
1137663184576079 0.148355 11.915359 4.817649
1137663452640089 0.254836 6.912266 3.372085
1137663720704152 0.853639 10.880464 4.139284
1137663988768319 0.453739 6.644868 4.138088
1137664256832537 0.481256 11.009975 4.144070
1137664524896912 0.119043 7.084250 3.552743
1137664792961339 0.565603 10.743475 3.795316
1137665061025819 0.393320 6.789634 4.144668
1137665329090402 0.179462 11.128420 4.469194
1137665597155037 0.134596 6.996614 4.092026
1137665865219725 0.627817 11.540284 3.799503
1137666133284464 1.024726 6.684948 3.945465
1137666401349308 0.821635 11.063215 5.990731
1137666669414152 0.658924 6.905088 5.887540
1137666937479100 0.269791 10.036097 4.919942
1137667205544048 0.513560 6.826723 4.970192
1137667473609048 -0.356830 11.356337 5.827121
1137667741674152 0.577568 7.039983 5.324928
1137668009739256 0.441775 10.672288 5.210670
1137668277804412 0.423230 7.073483 4.208676
1137668545869673 0.236889 11.314462 5.173582
1137668813934933 0.521336 7.010372 4.649853
1137669082000298 0.203390 10.480863 5.718248
1137669350065714 0.260219 6.998408 5.228617
1137669618131183 0.364008 10.797313 6.879963
1137669886196704 0.461516 6.831509 4.649853
1137670154262329 0.462114 10.339985 5.920142
1137670422328058 0.416052 6.782456 5.069494
1137670690393787 0.081356 11.018949 5.501698
1137670958459621 -0.021535 7.032207 4.157828
1137671226525558 0.963111 10.589736 4.930710
1137671494591496 0.390329 6.475576 4.527819
1137671762657589 0.496810 10.866705 4.366901
1137672030723735 0.251246 6.667600 4.182953
1137672298789985 0.983450 10.755439 4.041178
1137672566856287 0.835992 6.541379 3.858726
1137672834922694 0.645763 11.771791 3.323032
1137673102989204 -0.153141 6.976274 3.641876
1137673371056525 -0.408874 12.153146 2.555834
1137673639123191 0.597308 6.961917 2.889632
1137673907189962 0.899103 11.618649 1.920539
1137674175256785 0.311366 7.486245 1.798505
1137674443323764 -0.205185 11.979367 2.898007
1137674711390795 0.497408 7.427620 2.707180
1137674979457931 0.492622 11.637194 1.890629
1137675247525118 0.550648 7.306185 2.164906
1137675515592410 0.126221 11.697015 2.710171
1137675783659806 0.114257 7.273882 1.848156
1137676051727306 0.487238 11.798111 2.359921
1137676319794858 0.600898 7.182954 1.833201
1137676587862514 0.660120 11.902199 1.609472
1137676855930275 1.008575 7.238587 2.549253
1137677123998139 1.006182 11.266605 3.211766
1137677392066108 0.343669 7.376175 3.725326
1137677660134129 0.377767 11.588739 2.325824
1137677928202254 0.337089 7.043572 2.646163
1137678196270535 -0.135793 11.191232 5.230411
1137678464338868 0.636790 6.736992 3.776772
1137678732407306 0.227318 10.550853 5.074279
1137679000475795 0.260818 7.677969 4.636692
1137679268544389 0.214158 10.674681 5.521438
1137679536613087 0.554836 7.203892 4.038785
1137679804681889 0.645763 10.653744 5.004290
1137680072750743 0.160917 7.175776 4.162614
1137680340819702 0.676271 11.724532 2.900400
1137680608888764 0.261416 6.751349 2.190031
1137680876957879 0.290429 11.587543 2.664109
1137681145027098 0.083749 7.174580 2.257030
1137681413096420 0.166301 12.172887 2.717947
1137681681165848 0.124427 7.203293 2.856731
1137681949235327 -0.424427 12.049955 1.878665
1137682217304962 0.166301 7.257730 2.538486
1137682485374650 0.952942 11.926725 2.274378
1137682753444441 0.401097 6.886544 2.807678
1137683021514337 -0.211167 12.123236 3.188436
1137683289584337 -0.092124 7.264909 2.151746
1137683557654441 0.707976 11.609676 4.161417
1137683825724650 0.272782 6.742376 1.678864
1137684093795014 -0.413659 11.631212 4.292126
1137684361865483 0.042473 7.462915 2.334797
1137684629936056 1.174876 11.560025 2.594119
1137684898006733 0.407677 7.281060 2.117648
1137685166077566 0.113061 11.467603 3.888038
1137685434148504 0.519542 7.858029 2.759822
1137685702219598 1.758426 11.277373 3.282953
1137685970290743 1.033101 7.509575 2.895016
1137686238362045 0.334098 11.141581 4.205685
1137686506433504 0.678066 7.326524 1.800898
1137686774505014 1.421636 11.148759 2.467598
1137687042576681 0.553639 7.325926 2.273181
1137687310648504 -0.432802 11.117652 3.587439
1137687578720379 0.226122 7.658229 2.341975
1137687846792410 1.028914 11.634203 1.745863
1137688114864545 1.061815 7.153044 2.492723
1137688382936785 -0.170489 11.161322 3.438486
1137688651009077 0.812064 7.130312 2.169094
1137688919081525 1.366302 11.771791 5.341378
1137689187154077 0.278166 7.202695 2.113461
1137689455226733 0.013759 10.768001 5.694918
1137689723299441 0.618844 7.771290 1.796711
1137689991372254 1.357329 11.214561 5.364708
1137690259445170 0.864407 7.869395 2.783750
1137690527518139 0.676870 9.364013 6.763911
1137690795591212 -0.095713 8.280662 3.205186
1137691063664337 1.184447 10.018150 6.908079
1137691331737514 0.476471 8.122437 2.629413
1137691599810795 0.288634 9.032308 6.977471
1137691867884077 0.202792 7.851449 2.582753
1137692135957462 0.699003 9.496216 5.610571
1137692404030900 0.477667 8.230412 2.857329
1137692672104337 0.120239 8.749954 5.953642
1137692940177879 -0.083151 8.185547 3.147758
1137693208251420 0.517747 8.999406 6.192326
1137693476325014 -0.028714 8.680861 4.062116
1137693744398660 0.110070 8.290832 5.979365
1137694012472358 -0.204586 8.657532 2.960819
1137694280546108 0.718744 9.212367 5.222036
1137694548619910 0.757029 8.974879 3.162115
1137694816693712 -0.366401 8.979665 3.142374
1137695084767618 -0.049053 9.130413 3.773780
1137695352841577 0.906880 8.491230 2.762215
1137695620915535 -0.366401 9.749855 4.679165
1137695888989545 -0.599701 8.927621 1.767399
1137696157063608 0.378365 9.352048 5.333601
1137696425137723 1.106681 8.515159 2.963810
1137696693211889 -0.078963 9.946365 3.875475
1137696961286108 -0.481855 8.477471 2.648556
1137697229360327 0.078365 10.001999 5.132306
1137697497434598 0.948156 7.278667 5.355735
1137697765508920 0.075972 10.202397 5.565705
1137698033583348 -0.078963 6.786643 5.284848
1137698301657775 0.016750 10.882258 5.350351
1137698569732254 0.090329 7.084849 4.357330
1137698837806733 0.300000 10.610673 5.343771
1137699105881316 0.166301 6.598208 4.846363
1137699373955952 0.256630 11.434103 4.784748
1137699642030639 0.780359 6.358627 4.205087
1137699910105379 0.487837 10.631012 5.223233
1137700178180170 0.441775 6.655038 4.626523
1137700446254962 0.220140 11.053644 4.426124
1137700714329858 0.463310 6.904490 4.598407
1137700982404806 0.556032 10.897812 4.974977
1137701250479806 0.544068 6.405885 3.992126
1137701518554858 0.556630 11.657533 3.807280
1137701786630014 0.371785 6.685546 3.200999
1137702054705170 -0.013759 12.077174 3.768397
1137702322780431 0.282054 6.702296 2.909373
1137702590855743 0.307179 11.990135 3.820441
1137702858931108 0.543470 6.860222 3.289533
1137703127006525 -0.299402 11.401800 2.255834
1137703395081993 0.135194 6.595816 1.997409
1137703663157566 0.833600 12.180664 3.824628
1137703931233191 0.093320 6.902097 2.134996
1137704199308868 -0.343071 11.522937 3.842574
1137704467384598 0.294018 6.966105 2.270190
1137704735460379 1.811068 11.445469 4.357928
1137705003536212 0.376570 7.401299 2.611467
1137705271612098 0.411266 10.075578 5.710471
1137705539688087 0.272184 7.458129 2.328216
1137705807764077 0.915255 10.548459 5.940481
1137706075840170 0.675673 7.718647 2.066801
1137706343916264 0.863809 8.554042 6.439983
1137706611992462 -0.136989 8.376375 3.366103
1137706880068712 1.003191 9.177671 7.290033
1137707148145014 0.404686 7.747362 2.195415
1137707416221316 0.895514 9.870992 6.860222
1137707684297723 -0.030508 7.907083 2.696412
1137707952374181 1.508974 10.060024 6.179165
1137708220450691 0.532702 7.767701 2.760420
1137708488527254 0.609871 10.213165 6.975078
1137708756603868 0.759422 7.331908 2.057827
1137709024680483 2.977569 11.041081 5.558527
1137709292757202 0.702593 7.498807 2.576173
1137709560834025 1.671088 8.498408 7.960323
1137709828910848 0.288634 7.966305 3.494717
1137710096987723 1.542473 10.112068 5.275277
1137710365064702 0.480658 7.772486 2.380260
1137710633141681 0.010768 10.822437 4.545765
1137710901218764 0.260219 7.400103 2.975176
1137711169295900 0.846461 11.353944 4.013062
1137711437373087 0.104686 6.990632 2.507080
1137711705450327 0.249452 11.370693 3.259024
1137711973527670 0.290429 7.234400 2.413760
1137712241605066 0.397508 11.502598 3.597011
1137712509682514 0.243470 7.269694 2.505285
1137712777760014 -0.326919 11.472986 3.114857
1137713045837566 0.205185 7.528718 1.694417
1137713313915170 0.786940 11.510972 2.812464
1137713581992879 0.257228 7.284051 2.585146
1137713850070639 -0.135194 12.096316 3.115455
1137714118148452 0.229113 6.979864 1.473081
1137714386226316 0.182453 11.771192 3.709772
1137714654304285 0.381954 7.120741 2.523232
1137714922382306 -0.472882 11.805888 2.982953
1137715190460379 0.180658 6.963712 2.397608
1137715458538556 0.111864 11.847164 4.481159
1137715726616733 0.007178 7.086643 2.594717
1137715994695014 0.190229 12.046965 2.819642
1137716262773348 0.195613 7.343274 3.013461
1137716530851733 0.036491 11.586945 4.060321
1137716798930170 0.230309 7.102197 3.317649
1137717067008764 0.327518 11.453844 2.404189
1137717335087462 0.442373 7.242177 2.581557
1137717603166368 -0.079561 11.130215 3.729513
1137717871245379 0.060419 7.668398 3.981358
1137718139324598 0.678066 10.496416 4.001697
1137718407403973 0.180658 7.133303 4.013062
1137718675483504 -0.521336 11.097313 5.915955
1137718943563139 -0.391526 7.521539 3.755834
1137719211642879 -0.472283 10.259826 5.543572
1137719479722775 -0.136989 7.309774 5.441877
1137719747802775 0.163310 10.130613 4.226921
1137720015882879 0.104088 7.385746 5.577670
1137720283963035 0.058624 10.216755 5.359923
1137720552043243 -0.251246 7.726424 4.756931
1137720820123556 0.196211 9.964910 4.113561
1137721088203973 0.576969 8.305188 4.891229
1137721356284493 -0.125623 10.312468 4.240680
1137721624365014 -0.169292 7.793423 3.087339
1137721892445639 0.236889 10.111470 4.036991
1137722160526368 0.791127 7.910073 3.999304
1137722428607098 -0.092722 10.427622 5.363512
1137722696687879 -0.137587 7.858628 4.335794
1137722964768660 0.251845 10.175478 4.848756
1137723232849545 0.709771 7.501200 4.368696
1137723500930483 0.487238 10.463514 4.906782
1137723769011473 0.049651 7.920243 4.863711
1137724037092514 0.149551 10.199407 5.061717
1137724305173712 0.658924 7.664211 4.368098
1137724573254910 0.083749 10.402497 5.434699
1137724841336264 0.110070 7.482656 4.475775
1137725109417670 0.259023 10.307682 4.606184
1137725377499181 0.771984 8.011170 5.073083
1137725645580743 0.135194 10.377073 4.425526
1137725913662410 -0.009571 8.101500 4.628915
1137726181744129 0.258425 9.926624 3.552145
1137726449825848 0.842274 8.231609 3.163311
1137726717907670 0.041276 9.853045 3.198007
1137726985989545 -0.710967 8.979067 1.684846
1137727254071473 -0.059821 9.014361 3.321238
1137727522153504 0.588933 8.697312 2.414956
1137727790235587 0.061615 9.374182 3.827619
1137728058317775 -0.454337 9.021540 2.537888
1137728326399962 -0.184846 8.660522 3.935296
1137728594482254 0.447757 8.640183 5.238786
1137728862564545 0.433998 8.182556 3.670291
1137729130646941 0.211167 8.460722 5.751748
1137729398729337 -0.267398 8.095517 3.708576
1137729666811785 0.345464 9.575179 6.087640
1137729934894285 0.232104 8.151449 3.394817
1137730202976837 -0.253639 9.489635 7.145267
1137730471059389 -0.499203 7.825727 4.709075
