# Created at Thu Nov 21 18:10:44 GMT+09:00 2024
1137577942374382 0.388647 0.454105 0.544388 0.588544
1137578086674747 0.396083 0.456036 0.542391 0.583920
1137578230975216 0.394431 0.456176 0.540570 0.586610
1137578375275841 0.397525 0.444767 0.536766 0.596690
1137578519576622 0.401798 0.426680 0.542039 0.602243
1137578663877560 0.412571 0.410636 0.541823 0.606293
1137578808178601 0.399138 0.397738 0.556304 0.610753
1137578952479851 0.380014 0.385676 0.567480 0.620330
1137579096781205 0.378041 0.378884 0.560896 0.631607
1137579241082768 0.374418 0.375114 0.556165 0.640142
1137579385384435 0.389011 0.365408 0.549248 0.643019
1137579529686310 0.385501 0.358358 0.548814 0.649439
1137579673988341 0.385956 0.352956 0.531832 0.666044
1137579818290528 0.397957 0.341426 0.516380 0.677060
1137579962592924 0.413941 0.353814 0.518152 0.659535
1137580106895476 0.413553 0.368024 0.541210 0.632949
1137580251198185 0.398173 0.363603 0.564924 0.624589
1137580395501049 0.406891 0.363271 0.559540 0.624011
1137580539804122 0.414555 0.362331 0.548100 0.629641
1137580684107351 0.406375 0.353137 0.538812 0.647947
1137580828410789 0.408293 0.357136 0.532777 0.649538
1137580972714330 0.419674 0.367895 0.526342 0.641476
1137581117018080 0.414878 0.360632 0.538341 0.638757
1137581261322039 0.390627 0.355375 0.564145 0.634712
1137581405626101 0.389383 0.360615 0.574433 0.623189
1137581549930372 0.401153 0.363783 0.560988 0.626123
1137581694234799 0.401095 0.360470 0.545516 0.641558
1137581838539435 0.381348 0.351145 0.539304 0.663643
1137581982844226 0.398514 0.355818 0.539346 0.650911
1137582127149174 0.407799 0.375949 0.538552 0.634290
1137582271454278 0.386549 0.375580 0.556087 0.632682
1137582415759591 0.386841 0.357985 0.568800 0.631402
1137582560065060 0.390655 0.374430 0.572612 0.615878
1137582704370685 0.396133 0.363456 0.558933 0.631326
1137582848676518 0.371980 0.367547 0.551875 0.649596
1137582992982507 0.373845 0.371189 0.539387 0.656902
1137583137288653 0.388039 0.372352 0.545247 0.643028
1137583281594955 0.383884 0.362259 0.563563 0.635451
1137583425901466 0.373887 0.357256 0.587738 0.622207
1137583570208132 0.376201 0.360369 0.584558 0.622012
1137583714515007 0.378149 0.359364 0.578390 0.627156
1137583858821987 0.371526 0.346488 0.562367 0.652425
1137584003129174 0.371300 0.349929 0.552087 0.659459
1137584147436518 0.378941 0.347947 0.555260 0.653470
1137584291744018 0.376291 0.345496 0.569462 0.644012
1137584436051726 0.361808 0.343244 0.592838 0.632315
1137584580359539 0.370721 0.354752 0.590183 0.623219
1137584724667560 0.390017 0.353646 0.576858 0.624545
1137584868975737 0.377016 0.340016 0.569449 0.646510
1137585013284070 0.365355 0.345385 0.567456 0.652088
1137585157592612 0.385503 0.355372 0.562236 0.639523
1137585301901257 0.379741 0.344188 0.573138 0.639410
1137585446210060 0.373074 0.336055 0.600129 0.622679
1137585590519070 0.364594 0.345270 0.603073 0.619808
1137585734828185 0.361115 0.360362 0.581082 0.634097
1137585879137507 0.362330 0.347307 0.568983 0.651424
1137586023446987 0.364072 0.334709 0.554902 0.668958
1137586167756570 0.378310 0.348716 0.539289 0.666668
1137586312066362 0.380809 0.357579 0.541296 0.658878
1137586456376257 0.374164 0.339779 0.565149 0.652041
1137586600686310 0.375040 0.355781 0.568245 0.640205
1137586744996570 0.387661 0.361319 0.556583 0.639831
1137586889306935 0.374310 0.344326 0.560306 0.653749
1137587033617455 0.378881 0.347313 0.548330 0.659664
1137587177928080 0.374884 0.343774 0.555528 0.657776
1137587322238914 0.380867 0.352733 0.556126 0.649033
1137587466549903 0.370600 0.346782 0.574438 0.642199
1137587610860997 0.367359 0.330517 0.591322 0.637295
1137587755172247 0.373300 0.342672 0.586429 0.631922
1137587899483653 0.372038 0.354220 0.567400 0.643563
1137588043795216 0.372048 0.330130 0.567356 0.656279
1137588188106882 0.376644 0.335010 0.555846 0.661017
1137588332418705 0.387869 0.355389 0.548657 0.649794
1137588476730685 0.372010 0.348754 0.564158 0.649388
1137588621042768 0.384853 0.343154 0.584143 0.626826
1137588765355060 0.377010 0.347934 0.581363 0.631524
1137588909667455 0.383019 0.350002 0.557990 0.647643
1137589053979955 0.370914 0.323397 0.564344 0.662837
1137589198292612 0.375301 0.335984 0.543021 0.671857
1137589342605476 0.403082 0.348026 0.522069 0.666218
1137589486918393 0.393021 0.339891 0.539147 0.662819
1137589631231518 0.382166 0.335093 0.570837 0.644831
1137589775544695 0.376279 0.341812 0.580439 0.636136
1137589919858080 0.387030 0.350822 0.565824 0.637946
1137590146636518 0.380174 0.341718 0.548023 0.662094
1137590290950216 0.396150 0.348073 0.543169 0.653359
1137590435264018 0.396677 0.353399 0.545393 0.648308
1137590579578028 0.379858 0.344543 0.564260 0.647000
1137590723892143 0.378231 0.347402 0.585556 0.627199
1137590868206362 0.378631 0.348657 0.587184 0.624734
1137591012520737 0.386878 0.355213 0.574071 0.628165
1137591156835216 0.368476 0.341719 0.565814 0.653687
1137591301149851 0.380377 0.344595 0.546984 0.661344
1137591445464591 0.389774 0.357359 0.545678 0.650082
1137591589779435 0.385064 0.365766 0.554826 0.640398
1137591734094435 0.385205 0.351355 0.574352 0.631099
1137591878409591 0.392265 0.358179 0.574051 0.623138
1137592022724799 0.401944 0.363085 0.564681 0.622693
1137592167040164 0.398424 0.357621 0.548532 0.642245
1137592311355685 0.389994 0.344620 0.547556 0.655228
1137592455671257 0.399447 0.356866 0.545121 0.644928
1137592599986987 0.405694 0.365810 0.546742 0.634562
1137592764919382 0.399326 0.357181 0.562359 0.629851
1137592909235372 0.400844 0.357183 0.568571 0.623276
1137593053551466 0.402054 0.369298 0.559532 0.623615
1137593197867664 0.386574 0.360971 0.555402 0.641708
1137593342183966 0.378051 0.343168 0.547904 0.662657
1137593486500424 0.392865 0.349771 0.542555 0.654944
1137593630816935 0.402733 0.358609 0.544143 0.642739
1137593775133601 0.377120 0.362060 0.564724 0.638576
1137593919450320 0.380904 0.348781 0.579476 0.630454
1137594063767195 0.385400 0.364338 0.576725 0.621379
1137594208084174 0.388172 0.363483 0.559324 0.635893
1137594352401257 0.371047 0.348983 0.551913 0.660248
1137594496718445 0.384759 0.351754 0.538397 0.662086
1137594641035737 0.403058 0.365322 0.537378 0.644445
1137594785353132 0.397258 0.373653 0.549054 0.633332
1137594929670632 0.398681 0.358465 0.564694 0.627437
1137595073988289 0.404978 0.364614 0.557290 0.626480
1137595218305997 0.417291 0.368330 0.541366 0.630177
1137595362623810 0.397417 0.350038 0.536280 0.657219
1137595506941726 0.405298 0.350971 0.533896 0.653841
1137595651259747 0.407964 0.355304 0.539820 0.644918
1137595795577872 0.392575 0.360166 0.549240 0.643817
1137595939896101 0.390170 0.349021 0.567437 0.635584
1137596084214382 0.400459 0.359220 0.563504 0.626942
1137596228532820 0.418578 0.369650 0.546950 0.623696
1137596372851362 0.407944 0.358408 0.534438 0.647689
1137596517169955 0.413375 0.356482 0.539424 0.641142
1137596661488653 0.423139 0.358388 0.543249 0.630390
1137596805807455 0.412404 0.359397 0.553027 0.628425
1137596950126362 0.395741 0.347183 0.572803 0.628291
1137597094445372 0.400791 0.355254 0.571028 0.622165
1137597238764435 0.407346 0.364694 0.559443 0.622970
1137597383083653 0.390706 0.359503 0.552111 0.642869
1137597527402872 0.394357 0.348934 0.544712 0.652699
1137597671722247 0.415851 0.349952 0.542188 0.640807
1137597816041674 0.400820 0.353609 0.558373 0.634448
1137597960361257 0.373054 0.357615 0.575955 0.633418
1137598104680841 0.383542 0.356899 0.579114 0.624616
1137598249000580 0.390400 0.370277 0.569177 0.621707
1137598393320372 0.397905 0.359690 0.562858 0.628876
1137598537640268 0.390386 0.353994 0.553141 0.645230
1137598681960216 0.398163 0.356378 0.550949 0.641027
1137598826280268 0.404665 0.374696 0.554276 0.623399
1137598970600424 0.401348 0.362739 0.569424 0.618948
1137599114920632 0.399190 0.363731 0.576243 0.613426
1137599259240997 0.407571 0.365297 0.570917 0.611962
1137599403561362 0.405614 0.352313 0.559298 0.631299
1137599547881882 0.395264 0.337514 0.547348 0.655943
1137599692202455 0.400916 0.341214 0.538337 0.658052
1137599836523080 0.416023 0.350026 0.534043 0.647460
1137599980843810 0.390874 0.350087 0.554052 0.646284
1137600125164695 0.398993 0.341160 0.560826 0.640226
1137600269485580 0.399228 0.349527 0.566537 0.630463
1137600413806570 0.410422 0.348464 0.547960 0.640208
1137600558127664 0.400765 0.331567 0.541242 0.660688
1137600702448810 0.406009 0.345096 0.532715 0.657480
1137600846770060 0.423779 0.365990 0.517315 0.647184
1137601011708705 0.408894 0.355636 0.544513 0.640184
1137601156030164 0.405594 0.344572 0.551646 0.642223
1137601300351674 0.422607 0.355647 0.543578 0.632014
1137601444673237 0.425695 0.350698 0.531346 0.643013
1137601588994903 0.409116 0.339164 0.526313 0.663767
1137601733316674 0.417352 0.340447 0.526138 0.658097
1137601877638497 0.420490 0.350087 0.529596 0.648194
1137602021960424 0.404937 0.353847 0.550110 0.638903
1137602166282403 0.387134 0.351274 0.575955 0.628498
1137602310604487 0.399846 0.361261 0.565508 0.624352
1137602454926622 0.415877 0.359091 0.549034 0.629811
1137602599248862 0.393745 0.344354 0.548628 0.652221
1137602743571205 0.404319 0.337679 0.533310 0.661875
1137602887893601 0.423384 0.335348 0.521888 0.660243
1137603032216049 0.404239 0.342616 0.543172 0.651283
1137603176538653 0.394815 0.337295 0.552283 0.652179
1137603320861257 0.402089 0.349146 0.552503 0.641219
1137603465184018 0.417493 0.354051 0.540423 0.638975
1137603609506830 0.391302 0.340796 0.534696 0.666964
1137603753829695 0.395259 0.341404 0.530922 0.667334
1137603898152664 0.417587 0.342270 0.529449 0.654336
1137604042475685 0.397396 0.351062 0.551359 0.644077
1137604186798810 0.387011 0.341285 0.569002 0.640300
1137604331121987 0.395574 0.359639 0.573464 0.620741
1137604475445216 0.406895 0.369354 0.559366 0.620583
1137604619768549 0.401158 0.354010 0.547944 0.643044
1137604764091987 0.405622 0.348128 0.536462 0.653059
1137604908415424 0.420756 0.355000 0.535929 0.640093
1137605052738966 0.409950 0.357780 0.545883 0.637140
1137605197062612 0.394490 0.346209 0.565704 0.636000
1137605341386310 0.397434 0.353287 0.564096 0.631688
1137605485710060 0.407774 0.351835 0.549961 0.638338
1137605630033862 0.405092 0.337857 0.543914 0.652618
1137605774357768 0.407712 0.340620 0.535189 0.656751
1137605918681674 0.430011 0.336906 0.534851 0.644608
1137606063005685 0.417030 0.346540 0.551192 0.634180
1137606207329799 0.401343 0.341181 0.573118 0.627738
1137606351653914 0.407875 0.352785 0.576529 0.613836
1137606495978132 0.416552 0.367803 0.566457 0.608548
1137606640302351 0.415116 0.363459 0.552974 0.624336
1137606784626674 0.403868 0.358999 0.548214 0.638336
1137606928951049 0.412777 0.365935 0.539764 0.635894
1137607073275476 0.399683 0.358741 0.555293 0.634987
1137607217599955 0.377241 0.353489 0.572243 0.636611
1137607361924539 0.389870 0.362549 0.573331 0.622777
1137607506249122 0.394633 0.365484 0.570010 0.621108
1137607650573757 0.382028 0.350141 0.562363 0.644363
1137607794898497 0.386052 0.337587 0.546855 0.661777
1137607939223237 0.411058 0.324960 0.530059 0.666685
1137608083548028 0.407079 0.330741 0.540003 0.658251
1137608227872924 0.372318 0.324494 0.576327 0.651100
1137608372197820 0.374094 0.314796 0.591456 0.641200
1137608516522768 0.398450 0.325973 0.571809 0.638759
1137608660847820 0.384649 0.318900 0.559713 0.661112
1137608805172872 0.384677 0.305989 0.545808 0.678593
1137608949497976 0.409550 0.308417 0.526954 0.677841
1137609093823132 0.406545 0.327455 0.535823 0.663617
1137609238148341 0.380271 0.332998 0.559243 0.657080
1137609382473601 0.386614 0.330587 0.573921 0.641761
1137609526798914 0.398723 0.336729 0.568612 0.635857
1137609671124226 0.386847 0.325834 0.553666 0.661540
1137609836067560 0.395708 0.331297 0.526872 0.675325
1137610001010997 0.416179 0.331403 0.513721 0.673095
1137610165954435 0.396252 0.327549 0.537675 0.668283
1137610310280007 0.379155 0.330186 0.563221 0.655744
1137610454605632 0.389137 0.338430 0.558541 0.649669
1137610598931362 0.403821 0.339564 0.550735 0.646774
1137610743257091 0.399724 0.331629 0.543579 0.659366
1137610887582872 0.394423 0.324320 0.534410 0.673538
1137611031908757 0.401773 0.315722 0.525956 0.679904
1137611176234643 0.399872 0.318438 0.531696 0.675277
1137611320560632 0.390151 0.324051 0.544718 0.667874
1137611464886674 0.403769 0.318686 0.547612 0.659948
1137611609212716 0.411492 0.321097 0.544159 0.656858
1137611753538862 0.389263 0.307050 0.540152 0.680022
1137611897865060 0.392912 0.302119 0.525045 0.691861
1137612042191310 0.406616 0.305074 0.522232 0.684739
1137612186517664 0.416788 0.314955 0.524907 0.671985
1137612330844018 0.401494 0.322980 0.535116 0.669431
1137612475170476 0.400803 0.313529 0.548717 0.663299
1137612619496987 0.407887 0.331964 0.552037 0.647057
1137612763823549 0.404674 0.331230 0.537066 0.661880
1137612908150164 0.393587 0.333907 0.532706 0.670685
1137613052476830 0.403341 0.333204 0.522652 0.673147
1137613196802433 0.413218 0.335625 0.527073 0.662420
1137613341129256 0.397536 0.337776 0.537966 0.662167
1137613485456131 0.388784 0.328395 0.555850 0.657293
1137613629783058 0.398447 0.337619 0.553371 0.648871
1137613774110089 0.413681 0.351087 0.535231 0.647406
1137613918437173 0.394984 0.336145 0.534537 0.667281
1137614062764256 0.400632 0.326971 0.526058 0.675164
1137614207091496 0.415242 0.320311 0.522427 0.672343
1137614351418735 0.390958 0.328782 0.543165 0.666353
1137614495746027 0.373693 0.321107 0.572972 0.654940
1137614640073423 0.389558 0.330790 0.574244 0.639583
1137614784400871 0.410340 0.337143 0.562065 0.634066
1137614928728371 0.393068 0.323338 0.553165 0.659514
1137615073055975 0.399245 0.320427 0.530439 0.675696
1137615217383631 0.420130 0.325400 0.508935 0.677194
1137615361711287 0.409054 0.315307 0.532301 0.670754
1137615506039100 0.385935 0.312923 0.557754 0.664864
1137615650366912 0.400234 0.321448 0.559209 0.650976
1137615794694829 0.402235 0.334564 0.551333 0.649850
1137615939022798 0.392120 0.328593 0.540558 0.667882
1137616083350819 0.399185 0.310214 0.520270 0.688286
1137616227678944 0.422524 0.319896 0.507591 0.679332
1137616372007121 0.425052 0.317425 0.519212 0.670068
1137616516335402 0.403835 0.321871 0.540362 0.664323
1137616681282017 0.409854 0.331580 0.544057 0.652745
1137616825610454 0.411196 0.349410 0.538923 0.646833
1137616969938944 0.393045 0.333574 0.533635 0.670431
1137617114267485 0.397570 0.323312 0.528324 0.676965
1137617258596131 0.413444 0.335188 0.522190 0.666357
1137617402924829 0.396264 0.329651 0.545148 0.661149
1137617547253631 0.395840 0.337606 0.563539 0.641683
1137617691582485 0.405817 0.356162 0.567864 0.621283
1137617835911444 0.406918 0.354548 0.554554 0.633390
1137617980240506 0.374051 0.340822 0.551155 0.663442
1137618124569621 0.390094 0.332461 0.535884 0.670913
1137618268898787 0.401308 0.337873 0.525682 0.669666
1137618413228058 0.378781 0.335660 0.540156 0.672376
1137618557557433 0.359801 0.333922 0.568890 0.659851
1137618701886860 0.371086 0.342136 0.580242 0.639185
1137618846216392 0.398707 0.343326 0.566551 0.634177
1137618990546027 0.372997 0.329911 0.551129 0.669543
1137619134875714 0.392713 0.314438 0.534069 0.679467
1137619279205454 0.410519 0.312144 0.518950 0.681712
1137619423535350 0.390057 0.316153 0.538018 0.677082
1137619567865246 0.365785 0.313437 0.559760 0.674261
1137619712195298 0.373241 0.321237 0.571917 0.656055
1137619856525402 0.393133 0.322332 0.561983 0.652475
1137620000855558 0.385441 0.312820 0.537767 0.681458
1137620145185871 0.401647 0.306410 0.516547 0.691355
1137620289516235 0.415499 0.313218 0.505135 0.688544
1137620433846652 0.407878 0.315461 0.522380 0.679145
1137620578177173 0.384103 0.314242 0.551305 0.670656
1137620722507798 0.392122 0.317468 0.556109 0.660452
1137620866838475 0.398673 0.324152 0.553190 0.655718
1137621011169256 0.378121 0.320469 0.541336 0.679176
1137621155500089 0.375007 0.314082 0.529002 0.693455
1137621299831027 0.390362 0.316708 0.534088 0.679752
1137621444162017 0.388962 0.317363 0.547311 0.669656
1137621588493162 0.353116 0.319441 0.574126 0.666067
1137621732824308 0.376296 0.325738 0.580836 0.644147
1137621877155558 0.359585 0.330229 0.595656 0.637841
1137622021486912 0.350535 0.313631 0.578007 0.666835
1137622165818319 0.348269 0.305239 0.556012 0.690209
1137622310149777 0.365224 0.306950 0.542852 0.691162
1137622454481339 0.382011 0.321566 0.541862 0.676053
1137622598813006 0.374077 0.318425 0.561193 0.666134
1137622743144673 0.389131 0.324431 0.563684 0.652367
1137622887476444 0.410411 0.322837 0.558872 0.644206
1137623031808319 0.398433 0.314841 0.551851 0.661503
1137623176140246 0.391068 0.309440 0.540998 0.677225
1137623320472225 0.408715 0.313838 0.535252 0.669301
1137623464804256 0.423440 0.326249 0.534994 0.654249
1137623609136392 0.417042 0.331927 0.543413 0.648539
1137623753468579 0.417915 0.310199 0.539719 0.661685
1137623897800819 0.428527 0.301476 0.507279 0.684211
1137624042133162 0.458298 0.272637 0.437409 0.724090
1137624186465506 0.461866 0.220669 0.353825 0.782810
1137624330797954 0.487291 0.154466 0.255664 0.820563
1137624475130454 0.509430 0.105436 0.179321 0.834990
1137624619463006 0.502025 0.092498 0.142976 0.847923
1137624763795662 0.496169 0.046945 0.106402 0.860402
1137624908128319 0.506503 0.008052 0.060671 0.860063
1137625052461079 0.512888 -0.024916 0.018322 0.857898
1137625196793892 0.508535 -0.048040 -0.021744 0.859425
1137625341126704 0.492846 -0.067988 -0.070832 0.864560
1137625485459621 0.498862 -0.082249 -0.096543 0.857351
1137625629792589 0.512357 -0.089014 -0.096970 0.848625
1137625774125610 0.494500 -0.081129 -0.081123 0.861572
1137625918458683 0.482096 -0.069077 -0.075736 0.870101
1137626062791808 0.504086 -0.086884 -0.066559 0.856690
1137626207124985 0.512174 -0.091612 -0.077709 0.850439
1137626351458214 0.488243 -0.089904 -0.097320 0.862592
1137626495791496 0.495900 -0.095456 -0.123442 0.854244
1137626640124829 0.513397 -0.101050 -0.116255 0.844214
1137626784458214 0.510871 -0.086604 -0.100162 0.849399
1137626970029777 0.500087 -0.091509 -0.087431 0.856677
1137627114363319 0.503069 -0.091567 -0.085009 0.855167
1137627258696860 0.520766 -0.101533 -0.095872 0.842201
1137627403030454 0.509201 -0.098510 -0.114480 0.847292
1137627547364100 0.515068 -0.098553 -0.121078 0.842812
1137627691697798 0.530289 -0.106823 -0.113101 0.833421
1137627836031548 0.519565 -0.093139 -0.093331 0.844196
1137627980365298 0.500323 -0.080315 -0.076630 0.858693
1137628124699152 0.515948 -0.086394 -0.066999 0.849614
1137628269033058 0.531775 -0.093366 -0.085565 0.837363
1137628413366964 0.517681 -0.089835 -0.102102 0.844696
1137628557700923 0.515769 -0.092040 -0.116947 0.843703
1137628702034933 0.539128 -0.091404 -0.114445 0.829391
1137628846368996 0.532320 -0.079165 -0.097743 0.837147
1137628990703058 0.520150 -0.064738 -0.085688 0.847296
1137629135037225 0.528786 -0.067713 -0.081261 0.842138
1137629279371444 0.541314 -0.066655 -0.081604 0.834192
1137629423705662 0.524376 -0.068671 -0.096471 0.843212
1137629568039933 0.519709 -0.070952 -0.111014 0.844124
1137629712374256 0.529271 -0.071709 -0.109580 0.838285
1137629856708631 0.545333 -0.075323 -0.091040 0.829849
1137630001043058 0.527488 -0.068349 -0.076683 0.843330
1137630145377537 0.520838 -0.066142 -0.072066 0.848032
1137630289712017 0.528307 -0.069627 -0.082860 0.842127
1137630434046548 0.519210 -0.070426 -0.098484 0.846027
1137630578381183 0.509124 -0.070794 -0.120321 0.849296
1137630722715819 0.523565 -0.071505 -0.133724 0.838382
1137630867050454 0.538124 -0.083309 -0.117224 0.830506
1137631011385194 0.525814 -0.075981 -0.103932 0.840800
1137631155719933 0.514584 -0.074216 -0.083625 0.850119
1137631300054777 0.525612 -0.076100 -0.079431 0.843583
1137631444389621 0.539093 -0.083700 -0.089070 0.833331
1137631588724464 0.519408 -0.083262 -0.115548 0.842574
1137631733059412 0.513692 -0.080864 -0.129226 0.844323
1137631877394360 0.525581 -0.088828 -0.133398 0.835511
1137632021729412 0.526476 -0.082424 -0.117081 0.838046
1137632166064464 0.508228 -0.075243 -0.106023 0.851353
1137632310399517 0.523119 -0.080227 -0.109269 0.841410
1137632454734673 0.535135 -0.074673 -0.109748 0.834272
1137632599069881 0.533161 -0.081034 -0.130464 0.831957
1137632743405089 0.520009 -0.080513 -0.150821 0.836876
1137632887740350 0.533742 -0.091282 -0.154477 0.826392
1137633032075662 0.541698 -0.089854 -0.147988 0.822551
1137633176411027 0.542923 -0.089419 -0.155381 0.820424
1137633320746392 0.524548 -0.115788 -0.197016 0.820139
1137633465081860 0.519462 -0.152126 -0.251531 0.802340
1137633609417329 0.515877 -0.213998 -0.326232 0.762659
1137633753752850 0.462710 -0.277225 -0.434570 0.721246
1137633898088423 0.409833 -0.308408 -0.523745 0.680156
1137634042424048 0.389945 -0.348219 -0.568986 0.634777
1137634186759673 0.359854 -0.345065 -0.594061 0.631290
1137634331095402 0.342247 -0.359726 -0.610068 0.617479
1137634475431131 0.343789 -0.377989 -0.619114 0.596348
1137634619766912 0.335921 -0.395350 -0.627862 0.580211
1137634764102746 0.325398 -0.407366 -0.643161 0.560815
1137634908438579 0.299488 -0.402770 -0.680202 0.534236
1137635052774517 0.292660 -0.424245 -0.687074 0.512147
1137635197110454 0.301972 -0.430457 -0.675246 0.517266
1137635341446444 0.298226 -0.413436 -0.671502 0.537789
1137635485782433 0.294703 -0.409469 -0.669943 0.544666
1137635630118527 0.298711 -0.426121 -0.661051 0.540559
1137635774454621 0.293887 -0.420603 -0.669281 0.537388
1137635918790767 0.287769 -0.406202 -0.694389 0.519628
1137636063126912 0.292266 -0.420896 -0.696440 0.502393
1137636207463110 0.303258 -0.446925 -0.677700 0.499014
1137636351799360 0.303658 -0.435828 -0.677491 0.508775
1137636496135662 0.290666 -0.425642 -0.676010 0.526642
1137636640471964 0.302042 -0.432138 -0.668229 0.524878
1137636784808371 0.300623 -0.444929 -0.666298 0.517408
1137636929144725 0.293762 -0.431627 -0.685927 0.506859
1137637073481183 0.296187 -0.435356 -0.691818 0.494092
1137637217817642 0.302330 -0.448191 -0.679045 0.496608
1137637362154152 0.297360 -0.440002 -0.676030 0.510840
1137637506490662 0.297303 -0.427265 -0.674085 0.524085
1137637650827277 0.305292 -0.436952 -0.666154 0.521641
1137637795163892 0.306623 -0.458806 -0.668544 0.498527
1137637939500506 0.297836 -0.438508 -0.687428 0.496434
1137638083837225 0.294378 -0.431092 -0.698314 0.489753
1137638228173944 0.304078 -0.448086 -0.687495 0.483845
1137638372510662 0.294469 -0.432962 -0.684607 0.507095
1137638516847433 0.291534 -0.417446 -0.682463 0.524396
1137638661184308 0.299225 -0.424076 -0.674831 0.524620
1137638805521131 0.296823 -0.452836 -0.666417 0.512566
1137638949858006 0.293814 -0.442055 -0.688106 0.494744
1137639094194933 0.289600 -0.426320 -0.704538 0.487862
1137639238531912 0.299430 -0.443835 -0.700035 0.472550
1137639382868944 0.309819 -0.436465 -0.683267 0.496646
1137639527205975 0.309471 -0.411919 -0.686952 0.512491
1137639671543058 0.314699 -0.419378 -0.675634 0.518271
1137639815880142 0.318907 -0.436449 -0.663926 0.516732
1137639960217277 0.308359 -0.434069 -0.681488 0.502069
1137640104554464 0.296345 -0.433650 -0.697022 0.488147
1137640248891704 0.289557 -0.448523 -0.702255 0.470980
1137640393228944 0.295153 -0.455191 -0.683256 0.488720
1137640537566235 0.297152 -0.435446 -0.684133 0.504033
1137640681903579 0.295471 -0.434403 -0.675837 0.516947
1137640826240975 0.303073 -0.447496 -0.659725 0.522166
1137640970578371 0.293830 -0.459373 -0.668779 0.505347
1137641114915819 0.286160 -0.434380 -0.695277 0.496000
1137641259253319 0.297775 -0.441505 -0.697658 0.479246
1137641403590819 0.318394 -0.450756 -0.672906 0.492587
1137641547928371 0.305329 -0.425139 -0.671809 0.524122
1137641692265975 0.306496 -0.402017 -0.681590 0.529034
1137641836603579 0.319606 -0.417329 -0.662863 0.533199
1137641980941287 0.319817 -0.444850 -0.659567 0.514584
1137642125278996 0.302662 -0.419943 -0.692935 0.501880
1137642269616756 0.299618 -0.431331 -0.700457 0.483263
1137642413954517 0.305330 -0.451120 -0.702352 0.458221
1137642558292329 0.307863 -0.427982 -0.692933 0.491829
1137642702630194 0.302065 -0.408829 -0.694866 0.508701
1137642846968110 0.308147 -0.419975 -0.684482 0.510049
1137642991306027 0.301553 -0.437499 -0.685855 0.497256
1137643135643996 0.286762 -0.424991 -0.713497 0.477569
1137643279982017 0.287475 -0.423530 -0.722494 0.464740
1137643424320037 0.289613 -0.433563 -0.728127 0.444947
1137643568658110 0.288600 -0.442431 -0.715664 0.456936
1137643712996235 0.288092 -0.418628 -0.710723 0.486442
1137643857334360 0.290064 -0.426421 -0.704200 0.487986
1137644001672589 0.296910 -0.447167 -0.690717 0.484558
1137644146010819 0.280456 -0.435791 -0.708029 0.479713
1137644290349048 0.271100 -0.427877 -0.721046 0.472778
1137644434687329 0.283323 -0.437145 -0.716539 0.463900
1137644579025662 0.294033 -0.456703 -0.697284 0.467719
1137644723364048 0.294507 -0.436485 -0.696104 0.488042
1137644867702485 0.291183 -0.432244 -0.693724 0.497116
1137645012040923 0.287193 -0.434390 -0.698867 0.490316
1137645156379412 0.272241 -0.439644 -0.711667 0.475529
1137645300717902 0.270881 -0.434991 -0.723057 0.463244
1137645445056496 0.280074 -0.450690 -0.721033 0.445588
1137645589395037 0.281293 -0.462977 -0.713882 0.443733
1137645733733683 0.281388 -0.449301 -0.706668 0.468583
1137645878072329 0.282952 -0.432277 -0.700224 0.492709
1137646022411027 0.285525 -0.444301 -0.689182 0.496085
1137646166749777 0.291867 -0.458438 -0.679725 0.492566
1137646311088527 0.285606 -0.443650 -0.699996 0.481259
1137646455427277 0.291692 -0.442679 -0.699120 0.479774
1137646599766131 0.292813 -0.457170 -0.689585 0.479301
1137646744104985 0.299988 -0.455888 -0.678051 0.492362
1137646888443839 0.297638 -0.435773 -0.676036 0.514285
1137647032782798 0.301525 -0.442243 -0.669210 0.515423
1137647177121704 0.309998 -0.450798 -0.663077 0.510893
1137647321460714 0.308333 -0.439188 -0.680642 0.498769
1137647465799725 0.298177 -0.435727 -0.691681 0.492758
1137647610138735 0.298622 -0.445421 -0.692964 0.481899
1137647754477798 0.305754 -0.461879 -0.677272 0.484236
1137647898816912 0.308707 -0.445144 -0.673011 0.503590
1137648043156027 0.300161 -0.433795 -0.669954 0.522386
1137648187495194 0.309289 -0.438284 -0.664170 0.520698
1137648331834360 0.302368 -0.459022 -0.671437 0.497036
1137648476173579 0.288402 -0.440884 -0.699070 0.483473
1137648620512850 0.280615 -0.448364 -0.708039 0.467874
1137648764852121 0.286193 -0.460514 -0.698156 0.467545
1137648909191392 0.281650 -0.436692 -0.702032 0.486955
1137649053530714 0.286322 -0.421945 -0.696758 0.504491
1137649197870089 0.296472 -0.435264 -0.679768 0.510455
1137649342209464 0.307374 -0.458307 -0.666181 0.501677
1137649486548892 0.297941 -0.444764 -0.690711 0.486141
1137649630888319 0.294779 -0.449597 -0.698303 0.472589
1137649775227798 0.297704 -0.464364 -0.691717 0.466119
1137649919567277 0.298724 -0.452563 -0.685141 0.486346
1137650063906808 0.306901 -0.426079 -0.679933 0.511820
1137650208246339 0.310111 -0.435403 -0.669072 0.516332
1137650352585923 0.315567 -0.446860 -0.659912 0.515024
1137650496925506 0.305042 -0.451038 -0.674378 0.498727
1137650641265142 0.298607 -0.441721 -0.692639 0.485765
1137650785604829 0.295882 -0.457694 -0.690983 0.474881
1137650929944517 0.295372 -0.466606 -0.675120 0.489130
1137651074284204 0.299039 -0.450480 -0.675035 0.501967
1137651218623944 0.288014 -0.452227 -0.675059 0.506788
1137651362963735 0.290516 -0.461453 -0.666381 0.508526
1137651507303475 0.292625 -0.468735 -0.671769 0.493341
1137651651643319 0.291060 -0.455474 -0.687723 0.484628
1137651795983162 0.292243 -0.457781 -0.690749 0.477384
1137651940323006 0.296263 -0.467872 -0.683850 0.475050
1137652084662954 0.296633 -0.456249 -0.683304 0.486766
1137652229002850 0.287481 -0.449875 -0.681861 0.500033
1137652373342798 0.296747 -0.455650 -0.674419 0.499483
1137652517682798 0.305243 -0.470332 -0.667841 0.489493
1137652662022798 0.299480 -0.447978 -0.687572 0.486695
1137652806362850 0.296777 -0.441408 -0.700737 0.475447
1137652950702902 0.287798 -0.457055 -0.699636 0.467742
1137653095043006 0.298927 -0.465929 -0.683719 0.475480
1137653239383162 0.293387 -0.449339 -0.683774 0.494441
1137653383723319 0.289107 -0.446083 -0.682059 0.502218
1137653528063475 0.291983 -0.452190 -0.677784 0.500878
1137653672403683 0.286969 -0.446964 -0.689348 0.492617
1137653816743944 0.276621 -0.432416 -0.710467 0.481387
1137653961084204 0.285977 -0.445489 -0.710407 0.463766
1137654105424517 0.294710 -0.458270 -0.694463 0.469953
1137654249764881 0.298701 -0.448561 -0.692722 0.479277
1137654394105246 0.288118 -0.441930 -0.692757 0.491705
1137654538445610 0.291584 -0.452665 -0.691635 0.481367
1137654682786027 0.296188 -0.470292 -0.686726 0.468514
1137654827126496 0.281937 -0.455002 -0.704105 0.466605
1137654971466964 0.268093 -0.455863 -0.716652 0.454671
1137655115807485 0.263447 -0.466779 -0.715659 0.447823
1137655280768110 0.252823 -0.458451 -0.711877 0.468118
1137655425108683 0.259979 -0.445765 -0.709938 0.479262
1137655569449308 0.265717 -0.456386 -0.701215 0.478962
1137655713789933 0.269290 -0.474413 -0.694866 0.468591
1137655858130610 0.263367 -0.457724 -0.709480 0.466652
1137656002471287 0.267419 -0.456891 -0.716658 0.454026
1137656146812017 0.267394 -0.467993 -0.709826 0.453465
1137656291152798 0.273098 -0.480518 -0.688788 0.469139
1137656435493579 0.270701 -0.466323 -0.688468 0.485052
1137656579834360 0.274812 -0.467868 -0.694774 0.472088
1137656724175194 0.263074 -0.472250 -0.710040 0.451238
1137656868516079 0.241433 -0.487099 -0.739973 0.396087
1137657012856964 0.204466 -0.480375 -0.791559 0.317599
1137657157197850 0.163482 -0.495471 -0.819194 0.238125
1137657301538787 0.140517 -0.513057 -0.826930 0.182250
1137657445879777 0.105382 -0.513235 -0.840793 0.136204
1137657590220767 0.044380 -0.503949 -0.860094 0.065567
1137657734561808 -0.014502 -0.511714 -0.859005 0.006994
1137657899523006 0.062948 0.525697 0.846629 0.053809
1137658043864100 0.103637 0.512542 0.844727 0.113996
1137658188205246 0.123500 0.496501 0.844229 0.159727
1137658332546339 0.148006 0.510164 0.829955 0.170297
1137658476887537 0.142772 0.504603 0.835549 0.163864
1137658621228735 0.136326 0.494727 0.844893 0.151056
1137658786190089 0.140722 0.511334 0.833722 0.153762
1137658930531339 0.161715 0.524883 0.821802 0.151616
1137659074872642 0.155346 0.505001 0.831531 0.171459
1137659219213944 0.141459 0.491855 0.836743 0.194758
1137659363555298 0.155015 0.507125 0.822387 0.206095
1137659507896652 0.153205 0.524727 0.815219 0.191335
1137659652238058 0.135276 0.518016 0.826352 0.174645
1137659796579464 0.140527 0.514824 0.829015 0.167163
1137659940920923 0.140625 0.518999 0.826593 0.166159
1137660085262433 0.137542 0.500853 0.834997 0.181683
1137660229603892 0.131921 0.494454 0.836608 0.195443
1137660373945454 0.139886 0.503330 0.827220 0.206875
1137660518287017 0.150192 0.527434 0.814169 0.190749
1137660662628631 0.136063 0.527383 0.820649 0.172883
1137660806970246 0.126674 0.518043 0.830914 0.158643
1137660951311860 0.133450 0.529488 0.823548 0.153634
1137661095653579 0.143766 0.530384 0.819592 0.162152
1137661239995246 0.140806 0.526070 0.819935 0.176438
1137661384337017 0.135234 0.531605 0.815902 0.182788
1137661528678787 0.141201 0.538455 0.812056 0.175195
1137661673020558 0.131984 0.530138 0.821905 0.161261
1137661817362381 0.121095 0.523279 0.831208 0.143556
1137661961704256 0.126606 0.532535 0.824939 0.140901
1137662106046131 0.135877 0.542232 0.815843 0.148063
1137662250388058 0.138830 0.529027 0.821003 0.163739
1137662394729985 0.131429 0.514724 0.829177 0.173929
1137662539071964 0.135915 0.535391 0.814170 0.178916
1137662683413944 0.137353 0.553188 0.804254 0.168203
1137662827755975 0.118059 0.545969 0.815534 0.151274
1137662972098058 0.119921 0.536878 0.823248 0.140158
1137663116440089 0.111711 0.541560 0.821386 0.139852
1137663260782225 0.115318 0.529666 0.825896 0.155087
1137663405124360 0.116313 0.524963 0.825473 0.171696
1137663549466548 0.122114 0.529410 0.819679 0.181492
1137663693808735 0.126530 0.531718 0.818573 0.176646
1137663838150975 0.115580 0.523329 0.827747 0.166140
1137663982493214 0.116955 0.515940 0.834001 0.156748
1137664126835506 0.119809 0.529488 0.825283 0.155551
1137664271177798 0.126962 0.538811 0.816366 0.164650
1137664415520142 0.118482 0.521230 0.824585 0.185312
1137664559862485 0.121938 0.517998 0.823143 0.198101
1137664704204881 0.126821 0.530635 0.814069 0.199085
1137664848547277 0.120538 0.528322 0.820909 0.180150
1137664992889673 0.119791 0.516270 0.830331 0.172237
1137665137232121 0.124837 0.519080 0.827919 0.171819
1137665281574569 0.125812 0.529313 0.820769 0.174175
1137665425917069 0.133329 0.515861 0.825702 0.185279
1137665570259569 0.126985 0.507382 0.825558 0.211880
1137665714602121 0.138014 0.520261 0.814189 0.217663
1137665858944621 0.147412 0.533258 0.805018 0.214129
1137666003287173 0.145458 0.517673 0.816605 0.209792
1137666147629777 0.162630 0.511247 0.813524 0.224405
1137666291972329 0.182523 0.513195 0.799199 0.254158
1137666436314933 0.213041 0.505175 0.774567 0.315367
1137666580657537 0.251731 0.465699 0.749314 0.397850
1137666725000194 0.274040 0.443435 0.710208 0.473151
1137666869342850 0.310511 0.440745 0.659866 0.523359
1137667013685506 0.341004 0.432619 0.631676 0.545474
1137667158028162 0.359879 0.397984 0.621086 0.571268
1137667302370871 0.386438 0.366641 0.587009 0.609640
1137667446713579 0.412694 0.349142 0.553215 0.633828
1137667591056287 0.428107 0.328579 0.521357 0.661020
1137667735399048 0.427619 0.305568 0.503803 0.685530
1137667879741808 0.446755 0.295790 0.475889 0.697458
1137668024084569 0.462720 0.293217 0.469644 0.692350
1137668168427329 0.460387 0.289599 0.479334 0.688778
1137668312770142 0.456488 0.273529 0.487691 0.692068
1137668457112954 0.466955 0.275644 0.484338 0.686578
1137668601455767 0.485976 0.277399 0.462398 0.687797
1137668745798631 0.475525 0.264892 0.453766 0.705553
1137668890141496 0.467444 0.262375 0.446068 0.716714
1137669034484360 0.474855 0.269614 0.439864 0.712980
1137669178827277 0.471632 0.272235 0.453455 0.705571
1137669323170194 0.454273 0.268051 0.470016 0.707721
1137669467513110 0.462132 0.269388 0.465811 0.704900
1137669611856079 0.469821 0.272026 0.461117 0.701884
1137669756199048 0.476022 0.266926 0.440534 0.712800
1137669900542017 0.466016 0.259238 0.434524 0.725819
1137670044885037 0.476271 0.260615 0.426013 0.723712
1137670189228110 0.484423 0.273446 0.427339 0.712701
1137670333571183 0.474640 0.272218 0.439427 0.712403
1137670477914256 0.466628 0.258733 0.453300 0.714027
1137670622257329 0.479191 0.260983 0.442246 0.711816
1137670766600454 0.493430 0.257130 0.420972 0.716376
1137670910943631 0.477792 0.246695 0.411240 0.736028
1137671055286756 0.482777 0.250038 0.406103 0.734499
1137671199629985 0.489616 0.255645 0.414677 0.723163
1137671343973162 0.485149 0.255562 0.424515 0.720490
1137671488316392 0.478639 0.255826 0.446479 0.711417
1137671632659673 0.484701 0.262501 0.444117 0.706342
1137671777002954 0.499553 0.271330 0.431699 0.700331
1137671921346235 0.481311 0.262878 0.426847 0.719053
1137672065689569 0.473119 0.257911 0.423516 0.728199
1137672210032902 0.489651 0.266528 0.421650 0.715134
1137672354376287 0.498461 0.271119 0.422759 0.706616
1137672498719673 0.481956 0.273924 0.443473 0.704284
1137672643063110 0.482477 0.271323 0.445595 0.703594
1137672787406600 0.493825 0.277821 0.436450 0.698901
1137672931750037 0.478665 0.271587 0.426108 0.718020
1137673076093579 0.472251 0.271186 0.419332 0.726360
1137673220437827 0.480009 0.267667 0.409463 0.728207
1137673364781368 0.488737 0.280215 0.412671 0.715764
1137673509124962 0.477230 0.278405 0.436714 0.709946
1137673653468556 0.473447 0.270085 0.449499 0.707709
1137673797812202 0.485538 0.281903 0.444718 0.697861
1137673942155848 0.489382 0.280085 0.431561 0.704140
1137674086499545 0.479320 0.275029 0.417825 0.721134
1137674230843243 0.486356 0.275208 0.415590 0.717637
1137674375186993 0.497571 0.284338 0.416427 0.705807
1137674519530795 0.486258 0.272870 0.423697 0.713846
1137674663874545 0.481874 0.274750 0.433960 0.709922
1137674808218400 0.488670 0.275847 0.426741 0.709226
1137674952562202 0.500368 0.286439 0.415291 0.703646
1137675096906108 0.484397 0.284607 0.413476 0.716516
1137675241249962 0.479312 0.283206 0.410631 0.722105
1137675385593920 0.488713 0.287068 0.406300 0.716709
1137675529937827 0.492422 0.282988 0.413875 0.711439
1137675674281837 0.485895 0.279933 0.425338 0.710374
1137675818625795 0.493918 0.278880 0.427524 0.703914
1137675962969858 0.503875 0.281027 0.416645 0.702524
1137676107313868 0.492046 0.271812 0.407926 0.719449
1137676251657983 0.486777 0.271498 0.396560 0.729436
1137676396002045 0.499354 0.275137 0.390957 0.722564
1137676540346212 0.509894 0.274346 0.387782 0.717194
1137676684690327 0.504637 0.269838 0.390714 0.721020
1137676829034545 0.504193 0.253917 0.381679 0.731872
1137676973378764 0.514669 0.244618 0.351478 0.742793
1137677117722983 0.537631 0.223612 0.305079 0.753576
1137677262067254 0.535757 0.182462 0.247408 0.786423
1137677406411525 0.535923 0.138338 0.172937 0.814704
1137677550755848 0.543659 0.094623 0.105304 0.827280
1137677695100223 0.547736 0.058580 0.065996 0.831984
1137677839444598 0.539414 0.026484 0.032979 0.840978
1137677983789025 0.543266 -0.017320 -0.018693 0.839174
1137678128133452 0.542489 -0.051109 -0.058224 0.836483
1137678272477931 0.541706 -0.080988 -0.101098 0.830527
1137678416822410 0.521551 -0.108148 -0.147120 0.833453
1137678561166941 0.517775 -0.129093 -0.177665 0.826849
1137678705511473 0.523062 -0.141020 -0.198540 0.816763
1137678849856004 0.518129 -0.135699 -0.195043 0.821637
1137678994200639 0.506148 -0.140370 -0.183654 0.830892
1137679138545223 0.517747 -0.148546 -0.183233 0.822374
1137679282889910 0.533305 -0.163655 -0.190297 0.807831
1137679427234545 0.520245 -0.169964 -0.209200 0.810366
1137679571579285 0.509860 -0.167956 -0.224936 0.813165
1137679715923973 0.523316 -0.172531 -0.225423 0.803466
1137679860268712 0.541175 -0.177388 -0.208773 0.795033
1137680004613504 0.533107 -0.164695 -0.195794 0.806435
1137680148958295 0.535248 -0.167216 -0.181281 0.807890
1137680293303139 0.547833 -0.173160 -0.186442 0.796953
1137680437647983 0.542824 -0.176864 -0.207812 0.794277
1137680581992879 0.529926 -0.173421 -0.219808 0.800492
1137680726337775 0.537226 -0.175517 -0.224923 0.793720
1137680870682723 0.550431 -0.178107 -0.214670 0.786906
1137681015027670 0.544412 -0.168448 -0.199538 0.797136
1137681159372670 0.537242 -0.164067 -0.186621 0.805994
1137681303717670 0.547268 -0.165039 -0.183339 0.799779
1137681448062670 0.554710 -0.161283 -0.195330 0.792547
1137681592407775 0.537618 -0.161239 -0.217188 0.798623
1137681736752827 0.531379 -0.159752 -0.224770 0.800996
1137681881097983 0.534944 -0.172201 -0.227824 0.795159
1137682025443087 0.531093 -0.165623 -0.206374 0.804934
1137682169788295 0.517624 -0.158254 -0.198826 0.817000
1137682314133452 0.530292 -0.155339 -0.188861 0.811783
1137682458478712 0.550177 -0.163428 -0.195625 0.795190
1137682602823973 0.536564 -0.155195 -0.217262 0.800506
1137682747169233 0.527392 -0.161292 -0.230457 0.801706
1137682891514545 0.538975 -0.172382 -0.233162 0.790839
1137683035859910 0.540670 -0.167802 -0.225457 0.792898
1137683180205275 0.527179 -0.157467 -0.219089 0.805783
1137683324550691 0.535066 -0.164185 -0.213400 0.800755
1137683468896108 0.541674 -0.170145 -0.216076 0.794325
1137683613241577 0.529364 -0.166047 -0.241433 0.796186
1137683757587098 0.518680 -0.167458 -0.256120 0.798331
1137683901932618 0.527067 -0.170632 -0.256749 0.791937
1137684046278191 0.541267 -0.168073 -0.241371 0.787731
1137684190623816 0.537698 -0.153359 -0.221848 0.798840
1137684334969493 0.530468 -0.153556 -0.204287 0.808264
1137684479315118 0.539289 -0.159638 -0.201090 0.802026
1137684623660848 0.546913 -0.170662 -0.218603 0.789920
1137684768006577 0.523084 -0.172830 -0.245605 0.797616
1137684912352358 0.519425 -0.172123 -0.254988 0.797215
1137685056698191 0.529754 -0.176191 -0.257116 0.788802
1137685201044025 0.526429 -0.182848 -0.243693 0.793759
1137685345389910 0.516413 -0.182220 -0.226912 0.805372
1137685489735848 0.519808 -0.174796 -0.226802 0.804865
1137685634081785 0.534308 -0.180176 -0.229776 0.793256
1137685778427775 0.521070 -0.190745 -0.249408 0.793661
1137685922773816 0.512217 -0.188798 -0.272501 0.792296
1137686067119858 0.525316 -0.195075 -0.289566 0.775977
1137686211465952 0.541431 -0.212541 -0.296453 0.757492
1137686355812098 0.524832 -0.230080 -0.313351 0.757249
1137686500158243 0.498286 -0.252952 -0.366874 0.743727
1137686644504441 0.480682 -0.283212 -0.423298 0.713830
1137686788850691 0.461524 -0.337498 -0.476888 0.667585
1137686933196993 0.410261 -0.380852 -0.556059 0.614358
1137687077543295 0.366070 -0.406563 -0.617652 0.564982
1137687221889598 0.347243 -0.432523 -0.642012 0.529308
1137687366236004 0.332892 -0.434827 -0.660383 0.513812
1137687510582410 0.304220 -0.434765 -0.680501 0.505319
1137687654928816 0.289657 -0.446738 -0.690339 0.489852
1137687799275327 0.289212 -0.470917 -0.693418 0.462347
1137687943621837 0.266023 -0.474038 -0.710790 0.446426
1137688087968348 0.241580 -0.474399 -0.727398 0.432986
1137688232314910 0.234502 -0.491896 -0.731288 0.410201
1137688376661525 0.236598 -0.506246 -0.722165 0.407693
1137688521008139 0.231401 -0.488400 -0.720763 0.434074
1137688665354806 0.235420 -0.490733 -0.715037 0.438726
1137688809701525 0.239523 -0.505292 -0.713532 0.422115
1137688954048243 0.224500 -0.505763 -0.728457 0.403923
1137689098394962 0.220826 -0.498090 -0.739818 0.394730
1137689242741733 0.228184 -0.501855 -0.739612 0.386066
1137689387088556 0.232372 -0.509569 -0.730350 0.391066
1137689531435379 0.232607 -0.494819 -0.732873 0.404903
1137689675782202 0.224297 -0.490956 -0.732618 0.414638
1137689820129129 0.230299 -0.495242 -0.729124 0.412402
1137689964476004 0.218556 -0.512519 -0.733464 0.389343
1137690108822931 0.209334 -0.497653 -0.749224 0.383646
1137690253169910 0.212900 -0.494270 -0.751724 0.381157
1137690397516889 0.221127 -0.508759 -0.739494 0.381333
1137690541863868 0.220510 -0.500942 -0.736582 0.397340
1137690686210900 0.221019 -0.479264 -0.743871 0.410015
1137690830557983 0.224664 -0.482984 -0.738696 0.413013
1137690974905014 0.230662 -0.505983 -0.728113 0.400784
1137691119252098 0.226538 -0.500743 -0.739673 0.388357
1137691263599233 0.222664 -0.485335 -0.753471 0.383605
1137691407946368 0.225846 -0.497639 -0.750507 0.371603
1137691552293504 0.235419 -0.505745 -0.738098 0.379489
1137691696640639 0.235449 -0.489664 -0.738198 0.399821
1137691840987827 0.236562 -0.491341 -0.733071 0.406485
1137691985335014 0.240222 -0.506565 -0.726063 0.398145
1137692129682202 0.236753 -0.504492 -0.739393 0.377802
1137692274029441 0.228908 -0.493975 -0.751900 0.371801
1137692438997670 0.238044 -0.483791 -0.756436 0.370250
1137692583344910 0.245030 -0.494386 -0.746256 0.372350
1137692727692202 0.240652 -0.487745 -0.744308 0.387552
1137692872039493 0.235286 -0.482356 -0.743751 0.398506
1137693016386785 0.243401 -0.491161 -0.739307 0.391078
1137693160734077 0.236323 -0.503883 -0.740765 0.376192
1137693305081368 0.232383 -0.488507 -0.758438 0.363498
1137693449428712 0.235348 -0.490674 -0.758092 0.359371
1137693593776056 0.233663 -0.504682 -0.749334 0.359438
1137693738123400 0.229802 -0.492640 -0.749073 0.378664
1137693882470795 0.227138 -0.481882 -0.750561 0.390968
1137694026818139 0.236737 -0.490001 -0.739381 0.396448
1137694171165535 0.246095 -0.510563 -0.727699 0.386286
1137694315512983 0.239170 -0.494979 -0.749017 0.369819
1137694459860379 0.229565 -0.483618 -0.760995 0.366470
1137694604207827 0.222608 -0.497942 -0.756133 0.361610
1137694748555275 0.233478 -0.493510 -0.754734 0.363748
1137694892902723 0.226134 -0.482688 -0.751884 0.388003
1137695037250223 0.231945 -0.480139 -0.748562 0.394110
1137695181597723 0.236898 -0.495528 -0.740216 0.387828
1137695325945223 0.227037 -0.483581 -0.758243 0.373728
1137695470292723 0.220442 -0.468678 -0.773439 0.365429
1137695614640275 0.223740 -0.475060 -0.773325 0.355284
1137695758987827 0.229420 -0.490571 -0.760192 0.358907
1137695903335379 0.227556 -0.470806 -0.764247 0.377473
1137696047682931 0.225326 -0.460675 -0.764364 0.390838
1137696192030535 0.231461 -0.468292 -0.755740 0.394949
1137696336378139 0.230148 -0.473788 -0.762235 0.376238
1137696480725743 0.223248 -0.466737 -0.772977 0.367183
1137696625073348 0.223345 -0.472007 -0.774802 0.356383
1137696769421004 0.231016 -0.485095 -0.762224 0.361011
1137696913768608 0.238130 -0.484349 -0.755944 0.370470
1137697058116264 0.227045 -0.475499 -0.756504 0.387367
1137697202463973 0.236078 -0.482544 -0.750396 0.385128
1137697346811629 0.231508 -0.493116 -0.752608 0.369893
1137697491159337 0.224279 -0.469746 -0.770853 0.367182
1137697635507045 0.221879 -0.471447 -0.774135 0.359476
1137697779854754 0.226679 -0.486279 -0.765862 0.354408
1137697924202514 0.232394 -0.480345 -0.756397 0.378319
1137698068550275 0.223807 -0.465113 -0.761583 0.391882
1137698212898035 0.233155 -0.477392 -0.751433 0.391260
1137698357245795 0.240765 -0.495785 -0.739520 0.386445
1137698501593608 0.233528 -0.485574 -0.753425 0.376873
1137698645941420 0.234201 -0.476683 -0.763415 0.367587
1137698790289233 0.235815 -0.488113 -0.758349 0.361999
1137698934637098 0.231513 -0.493237 -0.749055 0.376875
1137699078984910 0.227214 -0.472835 -0.754597 0.394189
1137699223332827 0.229915 -0.475513 -0.751107 0.396062
1137699367680691 0.240135 -0.490875 -0.739184 0.393680
1137699512028556 0.232261 -0.486642 -0.747777 0.387380
1137699656376473 0.226603 -0.475628 -0.759057 0.382441
1137699800724441 0.228391 -0.488752 -0.759470 0.363544
1137699945072358 0.233101 -0.500439 -0.749707 0.364917
1137700089420327 0.233806 -0.485744 -0.751537 0.380236
1137700233768295 0.224924 -0.476118 -0.754016 0.392658
1137700378116264 0.226712 -0.486898 -0.749278 0.387446
1137700522464285 0.221824 -0.500205 -0.749945 0.371715
1137700666812306 0.210221 -0.484952 -0.770194 0.356973
1137700831781473 0.222092 -0.484626 -0.771997 0.346170
1137700976129545 0.224885 -0.496814 -0.760324 0.352860
1137701120477618 0.229797 -0.491208 -0.752531 0.373639
1137701264825691 0.225297 -0.482159 -0.753473 0.386061
1137701409173764 0.231556 -0.487766 -0.748262 0.385448
1137701553521889 0.236235 -0.503327 -0.743850 0.370865
1137701697870014 0.234399 -0.496319 -0.755984 0.356669
1137701842218191 0.228083 -0.486654 -0.768376 0.347483
1137701986566368 0.226792 -0.495758 -0.765732 0.341240
1137702130914545 0.226008 -0.488986 -0.760792 0.361952
1137702275262775 0.221665 -0.483183 -0.755743 0.382427
1137702419611004 0.225402 -0.497640 -0.743002 0.386647
1137702563959233 0.237707 -0.506160 -0.736234 0.381126
1137702708307514 0.225561 -0.500504 -0.751331 0.366224
1137702852655795 0.215276 -0.488073 -0.765884 0.358974
1137702997004129 0.214182 -0.498264 -0.766192 0.344688
1137703141352410 0.225630 -0.509313 -0.752148 0.352086
1137703285700743 0.223055 -0.493680 -0.753702 0.372103
1137703430049129 0.225438 -0.491140 -0.746409 0.388372
1137703574397462 0.232043 -0.494226 -0.737720 0.397071
1137703718745848 0.231445 -0.497391 -0.745455 0.378592
1137703863094285 0.217286 -0.487942 -0.759303 0.371697
1137704007442670 0.224453 -0.484991 -0.765980 0.357322
1137704151791108 0.231507 -0.504199 -0.751508 0.356963
1137704296139598 0.240323 -0.490434 -0.747006 0.379080
1137704440488087 0.232421 -0.475649 -0.753751 0.389356
1137704584836525 0.236138 -0.488545 -0.744147 0.389626
1137704729185066 0.229193 -0.508332 -0.743456 0.369245
1137704894154806 0.212886 -0.487323 -0.768789 0.355190
1137705038503348 0.216668 -0.494762 -0.767770 0.344667
1137705182851889 0.221376 -0.512296 -0.755049 0.344161
1137705327200483 0.231220 -0.501763 -0.750325 0.363020
1137705471549077 0.226325 -0.484355 -0.754560 0.380547
1137705615897670 0.238382 -0.490066 -0.746323 0.382114
1137705760246316 0.247847 -0.505202 -0.739839 0.368756
1137705904594962 0.232321 -0.497590 -0.753726 0.361009
1137706048943608 0.226347 -0.493610 -0.762711 0.351266
1137706193292306 0.222725 -0.501329 -0.759939 0.348647
1137706337640952 0.219226 -0.493575 -0.755909 0.370033
1137706481989650 0.216395 -0.477049 -0.759314 0.386058
1137706626338400 0.222945 -0.486963 -0.750839 0.386529
1137706770687150 0.226214 -0.502506 -0.742811 0.380194
1137706915035900 0.219678 -0.493235 -0.758617 0.364638
1137707059384650 0.216435 -0.488870 -0.768381 0.351785
1137707203733452 0.219451 -0.496750 -0.763151 0.350259
1137707348082254 0.221654 -0.510221 -0.747106 0.363835
1137707492431056 0.227381 -0.495141 -0.751350 0.372298
1137707636779858 0.226316 -0.488069 -0.749369 0.386027
1137707781128712 0.232730 -0.502634 -0.738552 0.384366
1137707925477566 0.234133 -0.515886 -0.735298 0.371994
1137708069826473 0.224594 -0.497011 -0.757465 0.358865
1137708214175379 0.221310 -0.494320 -0.766570 0.345022
1137708358524285 0.227479 -0.500013 -0.759957 0.347428
1137708502873191 0.230389 -0.500066 -0.751484 0.363493
1137708647222150 0.231365 -0.495109 -0.750554 0.371490
1137708791571056 0.225192 -0.508699 -0.750411 0.356928
1137708935920066 0.215840 -0.523792 -0.756620 0.326469
1137709080269025 0.173646 -0.527927 -0.785501 0.272264
1137709224618035 0.133320 -0.520729 -0.820100 0.196222
1137709368967045 0.096637 -0.528130 -0.833285 0.131813
1137709513316108 0.077416 -0.530356 -0.838847 0.095202
1137709657665170 0.039477 -0.516457 -0.853361 0.059097
1137709802014233 0.011603 0.515274 0.856894 0.009563
1137709946363295 0.053407 0.524995 0.846658 0.068542
1137710090712410 0.101581 0.525080 0.835640 0.125215
1137710235061525 0.138396 0.508058 0.828249 0.191645
1137710379410691 0.174600 0.500209 0.811874 0.245288
1137710523759806 0.201200 0.500238 0.797683 0.270155
1137710668108973 0.202875 0.491197 0.803411 0.268512
1137710812458191 0.207095 0.482190 0.809454 0.263417
1137710956807410 0.211011 0.484007 0.805569 0.268832
1137711101156629 0.222844 0.487670 0.797136 0.277656
1137711245505848 0.227259 0.479646 0.794007 0.296387
1137711389855118 0.220785 0.471973 0.791690 0.318940
1137711534204389 0.228978 0.473476 0.784486 0.328590
1137711678553712 0.240874 0.486897 0.775952 0.320640
1137711822902983 0.222958 0.479554 0.788978 0.312780
1137711967252358 0.226288 0.469258 0.796257 0.307517
1137712111601681 0.227632 0.477840 0.790809 0.307365
1137712255951056 0.229253 0.497757 0.777510 0.308479
1137712400300431 0.226491 0.489248 0.777200 0.324496
1137712544649858 0.228900 0.490426 0.772858 0.331326
1137712688999285 0.227042 0.499789 0.768947 0.327693
1137712833348712 0.222821 0.502487 0.774957 0.311928
1137712977698191 0.224173 0.495057 0.784614 0.298406
1137713122047670 0.227122 0.503792 0.778732 0.296962
1137713266397150 0.237274 0.522674 0.763031 0.297149
1137713410746629 0.240149 0.519212 0.760096 0.308223
1137713555096212 0.226430 0.512192 0.764491 0.319283
1137713699445743 0.226558 0.516869 0.758457 0.325978
1137713843795327 0.231343 0.519575 0.759440 0.315870
1137713988144910 0.224233 0.511349 0.771345 0.305399
1137714132494493 0.222947 0.497579 0.781298 0.303781
1137714276844129 0.226451 0.498507 0.777646 0.308994
1137714421193764 0.224508 0.499860 0.770244 0.326283
1137714565543400 0.214464 0.488778 0.775952 0.336155
1137714709893087 0.217841 0.486133 0.772056 0.346627
1137714854242827 0.222392 0.492858 0.766854 0.345787
1137714998592514 0.219997 0.493956 0.776276 0.324043
1137715142942254 0.211480 0.486536 0.789323 0.309076
1137715287291993 0.209649 0.490009 0.787124 0.310442
1137715431641785 0.215924 0.498288 0.779095 0.313204
1137715575991577 0.218899 0.494443 0.774650 0.327912
1137715720341420 0.214958 0.486895 0.772587 0.346173
1137715864691212 0.218335 0.494073 0.768051 0.343977
1137716009041056 0.226725 0.504023 0.764019 0.332914
1137716153390952 0.213694 0.503554 0.774289 0.318189
1137716297740848 0.212027 0.494550 0.783018 0.312006
1137716483333556 0.215672 0.509059 0.773608 0.309638
1137716627683504 0.216579 0.502243 0.773015 0.321394
1137716772033400 0.211424 0.491496 0.774794 0.336787
1137716916383400 0.220839 0.493502 0.767166 0.345169
1137717060733400 0.233430 0.498093 0.764195 0.336779
1137717205083452 0.214809 0.492762 0.778610 0.323742
1137717349433556 0.216732 0.493024 0.783181 0.310776
1137717493783712 0.218913 0.506346 0.775343 0.307463
1137717638133920 0.222720 0.518906 0.761883 0.317281
1137717782484181 0.212109 0.505916 0.767439 0.331808
1137717926834441 0.208417 0.498591 0.770246 0.338660
1137718071184806 0.214736 0.502162 0.767531 0.335586
1137718236156681 0.216382 0.504378 0.773128 0.317891
1137718380507098 0.213363 0.495108 0.784571 0.306255
1137718524857618 0.216093 0.496319 0.780841 0.311862
1137718669208087 0.221754 0.500051 0.774908 0.316689
1137718813558660 0.223253 0.497930 0.770436 0.329625
1137718957909285 0.214038 0.496753 0.774285 0.328491
1137719102259910 0.199283 0.507292 0.785617 0.292827
1137719246610587 0.170871 0.523035 0.801778 0.233217
1137719390961264 0.123159 0.528812 0.826688 0.147570
1137719535311993 0.076801 0.527733 0.843658 0.061976
1137719679662775 -0.026625 -0.538393 -0.842111 0.016535
1137719824013556 0.013468 -0.555577 -0.828075 0.073775
1137719968364389 0.059320 -0.538427 -0.832718 0.114706
1137720112715223 0.096920 -0.522872 -0.831812 0.159062
1137720257066108 0.125311 -0.520470 -0.820264 0.201433
1137720401416941 0.159759 -0.526104 -0.799052 0.243326
1137720545767879 0.173016 -0.514399 -0.790152 0.284814
1137720690118764 0.191572 -0.506588 -0.781533 0.309636
1137720834469754 0.204497 -0.512416 -0.771073 0.317894
1137720999442306 0.203363 -0.506474 -0.777509 0.312421
1137721143793295 0.202285 -0.497590 -0.788982 0.298317
1137721288144337 0.209959 -0.498917 -0.787792 0.293910
1137721432495379 0.210074 -0.510933 -0.777417 0.300733
1137721576846473 0.214882 -0.504628 -0.771212 0.323122
1137721721197566 0.213374 -0.496049 -0.771102 0.337355
1137721865548660 0.219747 -0.508136 -0.761072 0.338051
1137722009899806 0.221571 -0.521686 -0.756327 0.326681
1137722154250952 0.212278 -0.508110 -0.772737 0.315659
1137722298602098 0.212080 -0.504040 -0.777621 0.310276
1137722442953295 0.217418 -0.510376 -0.774147 0.304865
1137722587304493 0.214264 -0.508344 -0.768515 0.324133
1137722731655691 0.210051 -0.495974 -0.771623 0.338359
1137722876006889 0.213532 -0.507323 -0.765243 0.333813
1137723020358087 0.222170 -0.526346 -0.752998 0.326489
1137723164709337 0.214256 -0.512437 -0.767656 0.319700
1137723309060587 0.211215 -0.501368 -0.779174 0.311297
1137723453411837 0.206371 -0.514031 -0.773374 0.308343
1137723597763139 0.215885 -0.520442 -0.763190 0.316346
1137723742114441 0.212428 -0.505473 -0.765689 0.336292
1137723886465743 0.210310 -0.505315 -0.765541 0.338193
1137724030817150 0.210113 -0.517542 -0.762830 0.325719
1137724175168504 0.206841 -0.516950 -0.768338 0.315651
1137724319519910 0.205454 -0.506002 -0.780845 0.303366
1137724463871316 0.209852 -0.507350 -0.779086 0.302625
1137724608222775 0.210474 -0.512113 -0.773925 0.307377
1137724752574285 0.214336 -0.504369 -0.771590 0.322989
1137724896925795 0.209873 -0.495448 -0.773128 0.335794
1137725041277306 0.215065 -0.499945 -0.768823 0.335728
1137725185628868 0.218620 -0.516140 -0.762803 0.322392
1137725329980431 0.211687 -0.503423 -0.777265 0.312430
1137725474332045 0.210683 -0.497872 -0.783965 0.305181
1137725618683660 0.211468 -0.507734 -0.780154 0.298073
1137725763035327 0.211338 -0.516456 -0.770217 0.308829
1137725907386993 0.206977 -0.503091 -0.773433 0.325364
1137726051738660 0.206708 -0.501003 -0.772946 0.329882
1137726196090379 0.204966 -0.509405 -0.771904 0.320406
1137726340442098 0.197289 -0.511776 -0.776281 0.310726
1137726484793816 0.189896 -0.501381 -0.789098 0.299803
1137726629145535 0.196153 -0.501346 -0.790887 0.290986
1137726773497306 0.201091 -0.506874 -0.784299 0.295831
1137726917849077 0.203670 -0.497745 -0.782956 0.312647
1137727062200900 0.207056 -0.493385 -0.778306 0.328541
1137727206552670 0.210029 -0.504006 -0.770889 0.328018
1137727350904545 0.214502 -0.519879 -0.763352 0.317817
1137727495256368 0.207306 -0.511400 -0.774034 0.310429
1137727639608243 0.202832 -0.496744 -0.788171 0.301480
1137727783960170 0.208312 -0.491837 -0.789319 0.302783
1137727928312098 0.214326 -0.498961 -0.778458 0.314808
1137728072664025 0.213963 -0.484948 -0.780729 0.330918
1137728217016004 0.203528 -0.474668 -0.785285 0.341458
1137728361367983 0.204256 -0.480475 -0.782922 0.338314
1137728505719962 0.202244 -0.491364 -0.782441 0.324724
1137728650071941 0.193687 -0.476957 -0.799029 0.310724
1137728794423973 0.193289 -0.476053 -0.802457 0.303440
1137728938776004 0.198837 -0.482782 -0.796893 0.303887
1137729083128087 0.206215 -0.484866 -0.786890 0.321223
1137729248101837 0.196209 -0.473855 -0.788570 0.339294
1137729392453920 0.196220 -0.479742 -0.789039 0.329792
1137729536806004 0.194499 -0.493377 -0.787575 0.313808
1137729681158087 0.186531 -0.487905 -0.796377 0.304859
1137729825510223 0.204667 -0.489891 -0.796704 0.288757
1137729969862306 0.207367 -0.475158 -0.800891 0.299662
1137730114214441 0.213151 -0.475104 -0.791698 0.319463
1137730258566577 0.212135 -0.473086 -0.785845 0.337098
1137730402918764 0.212239 -0.467650 -0.785921 0.344363
1137730547270900 0.214239 -0.466061 -0.789140 0.337855
1137730691623087 0.210678 -0.462644 -0.800186 0.318241
