# Created at Thu Nov 21 18:20:12 GMT+09:00 2024
2161485532881464 -7.798153 -0.387873 -6.162863
2161485765189494 -7.829278 -0.318439 -5.921041
2161486016160358 -7.695199 0.174782 -5.401484
2161486276127654 -8.317711 0.512375 -2.827639
2161486536095815 -9.122187 -0.488432 -6.433416
2161486796064677 -5.865973 -0.167599 -6.201172
2161487056033205 -8.095043 -0.253793 -5.463735
2161487316000634 -7.506052 0.732648 -6.110189
2161487575969629 -7.522811 -0.325621 -5.274588
2161487835940957 -9.091062 -0.210696 -8.521224
2161488095911887 -6.792558 -0.495615 -4.814887
2161488355879118 -9.241900 0.028731 -6.514822
2161488615847080 -7.403098 0.502798 -6.438205
2161488875816007 -8.889942 0.165205 -5.786962
2161489135784835 -7.774210 -1.000807 -5.322473
2161489395751998 -7.879559 0.124502 -5.593026
2161489655720227 -8.420665 0.272947 -6.114978
2161489917007608 -7.951386 -0.158022 -4.699962
2161490176979504 -8.499676 0.457306 -4.747847
2161490436947401 -8.123775 0.237033 -7.209161
2161490696914895 -7.735902 -0.117319 -4.841224
2161490956886223 -9.335278 -0.131685 -5.078257
2161491216857485 -7.972935 0.002394 -5.109383
2161491476826049 -9.771035 -0.114925 -6.385531
2161491736793544 -7.747873 -1.508393 -5.497255
2161491996762171 -7.767027 0.193936 -4.379128
2161492256730965 -8.700794 0.517163 -6.943397
2161492516699029 -8.138140 -0.943344 -4.446168
2161492776666391 -9.050359 0.244216 -8.269825
2161493036637054 -6.402291 -0.284919 -5.296136
2161493296608949 -10.297776 0.670397 -7.843644
2161493556578845 -6.033573 -0.050280 -4.714327
2161493816546241 -10.812545 0.071828 -6.567496
2161494076515671 -6.086246 -0.466884 -4.788549
2161494336487099 -9.596253 -0.093377 -7.695199
2161494596457561 -6.261029 -0.383084 -4.841224
2161494856424791 -9.878778 -0.141262 -8.186026
2161495116392819 -6.696786 0.316044 -5.224308
2161495376361847 -9.378374 0.198725 -7.067899
2161495636330441 -6.811712 0.114925 -5.212336
2161495896297771 -9.134158 -0.308861 -7.235498
2161496156266400 -6.979311 -0.495615 -5.059103
2161496416237794 -8.552350 0.512375 -6.067092
2161496676209024 -7.020014 1.441353 -5.042343
2161496936176321 -8.107015 0.253793 -5.887522
2161497196144049 -6.976917 -0.993624 -5.909070
2161497456112943 -7.577880 -0.059857 -5.662460
2161497716081837 -6.541159 0.696734 -9.811738
2161497976049234 -6.976917 0.600963 -4.963332
2161498236017128 -6.828472 0.038308 -9.208381
2161498495988823 -7.166065 -0.134079 -4.482082
2161498755960652 -8.195602 0.404632 -8.193209
2161499015929083 -6.952974 0.478855 -3.780560
2161499275896512 -8.928250 -0.584203 -8.897125
2161499535867339 -5.901887 0.141262 -3.665635
2161499795838701 -10.494106 0.670397 -6.864386
2161500055807797 -6.040755 -0.093377 -4.853195
2161500315775227 -10.685649 -0.617723 -6.771009
2161500575743722 -5.854002 -0.306467 -4.374340
2161500835712583 -10.111023 0.107742 -5.880339
2161501095680845 -5.569083 0.035914 -5.614574
2161501355648207 -10.307353 -0.351958 -6.431022
2161501615618102 -5.176422 -0.035914 -5.475707
2161501875589432 -10.113417 0.088588 -7.326481
2161502135559494 -5.818088 0.124502 -6.237086
2161502395526724 -9.931452 -0.249005 -8.047157
2161502655494918 -5.557112 -0.483644 -6.385531
2161502915463779 -9.397529 0.316044 -8.121380
2161503175432408 -5.631334 -0.241822 -5.803722
2161503435399571 -9.850046 -0.490826 -8.834874
2161503695368600 -5.540352 -0.351958 -5.616969
2161503955340495 -8.997684 0.232245 -8.482916
2161504215311956 -5.806117 0.316044 -6.129344
2161504475279353 -9.486116 -0.493221 -8.348836
2161504735247549 -5.358387 -0.454912 -5.315290
2161504995218976 -9.088667 0.502798 -7.448589
2161505255190239 -6.275394 -0.095771 -6.239480
2161505515158071 -9.452597 -0.184359 -8.394327
2161505775125566 -5.988081 -0.148445 -4.848406
2161506035094527 -8.877971 0.648848 -7.108602
2161506295063321 -7.489292 -0.067040 -3.385504
2161506555030918 -9.067119 -0.344776 -6.495667
2161506814998446 -7.048745 -1.199532 -4.664047
2161507074969640 -8.356019 0.713494 -6.885934
2161507334940869 -7.072688 1.161223 -2.463709
2161507594909700 -8.858817 0.615329 -6.529187
2161507854877095 -6.907483 -1.247417 -3.790137
2161508114845690 -8.475733 0.651243 -6.162863
2161508374814518 -6.605804 1.601770 -4.158855
2161508634782480 -8.420665 -0.004789 -5.420638
2161508894750009 -7.024802 -1.094184 -5.413455
2161509154720371 -7.989695 0.028731 -5.370358
2161509414692199 -6.541159 -0.100560 -7.297750
2161509674662361 -7.711959 0.306467 -3.682395
2161509934629790 -6.782980 -0.021548 -9.735122
2161510194599185 -7.484503 0.478855 -3.462121
2161510454638694 -8.746285 0.550683 -8.298556
2161510714609189 -7.489292 0.102954 -3.469304
2161510974576553 -9.895537 -0.866727 -7.735902
2161511234544514 -6.392714 -0.107742 -3.790137
2161511494513341 -10.431855 -0.160416 -6.071881
2161511754482203 -5.983293 -0.636877 -3.960130
2161512014449433 -11.822929 -1.321640 -6.229903
2161512274417961 -5.408667 -0.088588 -3.960130
2161512534389455 -10.539598 0.332804 -6.141315
2161512794360586 -5.791751 -0.483644 -5.791751
2161513054327984 -10.975356 -0.402238 -6.359194
2161513314295779 -5.348810 -0.409421 -4.391100
2161513574264606 -10.221159 0.067040 -6.648901
2161513834233501 -5.686403 -0.651243 -5.494861
2161514094200965 -10.846065 -1.089395 -7.858010
2161514354168627 -5.626546 -0.826025 -5.566689
2161514614140322 -9.431048 0.416604 -7.360001
2161514874112151 -6.524399 -0.445335 -5.154874
2161515134080614 -10.336084 -0.881093 -8.466156
2161515394048176 -5.909070 -0.574626 -5.593026
2161515654018937 -9.304152 0.857150 -7.245076
2161515913990233 -6.323280 0.397450 -4.865166
2161516173959496 -10.115811 -0.555472 -6.634535
2161516433926891 -6.450176 -1.620924 -3.770983
2161516693895318 -9.313729 0.395055 -8.490098
2161516953864179 -6.861991 1.233052 -2.631308
2161517213832408 -9.088667 -0.478855 -6.787769
2161517473799803 -7.395915 -1.103761 -5.624152
2161517733769598 -8.253065 0.991230 -5.956956
2161517993740860 -7.134939 0.596174 -4.762213
2161518253711223 -7.972935 -0.035914 -5.988081
2161518513678420 -7.099025 -1.039115 -5.851608
2161518773646481 -7.963358 -0.213090 -5.849213
2161519033615309 -6.682421 0.081405 -9.217958
2161519293584004 -7.328875 0.016760 -4.738270
2161519553551267 -6.912271 -0.699128 -9.301758
2161519813520362 -7.381549 0.536318 -3.708732
2161520073492157 -9.414289 -0.428575 -8.899520
2161520333463586 -7.027196 -0.177176 -3.117346
2161520593431049 -11.121407 -1.426988 -8.279403
2161520853399045 -6.035967 0.177176 -3.782954
2161521113370606 -11.087887 0.002394 -5.123748
2161521373341835 -5.480495 0.270553 -4.410254
2161521633309700 -11.679273 -1.436565 -5.523592
2161521893277229 -5.504438 0.404632 -4.410254
2161522153246156 -10.264256 0.885882 -5.648094
2161522413214951 -5.130931 0.143656 -4.901081
2161522673182682 -10.652128 -0.974470 -7.278595
2161522933150177 -5.291348 -0.035914 -5.205153
2161523193121239 -9.680053 0.251399 -7.565908
2161523453092501 -6.873963 -0.694340 -6.466936
2161523713061330 -10.276228 -0.548289 -7.187613
2161523973028892 -6.201172 -0.646454 -3.596201
2161524232997386 -9.806950 0.541106 -8.085466
2161524492966182 -7.027196 0.950527 -3.744646
2161524752934278 -9.675264 -0.210696 -6.356800
2161525012901740 -7.690411 -2.396669 -4.774184
2161525273238670 -8.724737 1.290514 -7.005648
2161525533643801 -6.917060 1.867534 -5.370358
2161525793813965 -8.849239 -0.371113 -6.268211
2161526053781327 -7.223527 -1.565856 -5.796539
2161526313750688 -8.221940 0.378295 -5.755836
2161526573721983 -7.082265 0.181965 -8.719949
2161526833692679 -7.776605 -0.857150 -4.541939
2161527093659943 -8.181237 -1.067847 -9.756670
2161527353627872 -6.517216 0.866727 -3.057489
2161527613596900 -8.528407 0.869122 -7.826884
2161527873565594 -6.759038 0.490826 -3.304099
2161528133532891 -10.494106 -0.926584 -6.220326
2161528393501253 -5.516409 0.847573 -3.268185
2161528653472781 -10.726351 1.429382 -5.593026
2161528913443977 -5.351204 0.095771 -3.943371
2161529173411575 -11.866026 -2.061471 -7.012831
2161529433379203 -4.781367 0.596174 -4.491660
2161529693348031 -10.671283 1.391074 -6.069487
2161529953316893 -5.315290 -0.009577 -5.030371
2161530213284423 -10.513261 -0.337593 -7.132545
2161530473252085 -4.977697 -0.196331 -5.121354
2161530733223646 -9.756670 0.972076 -8.229122
2161530993595376 -5.257827 -0.356747 -5.861185
2161531254562488 -10.575512 -0.574626 -6.629747
2161531514696616 -5.181211 -0.435758 -5.011217
2161531774667378 -9.627379 1.884294 -7.652102
2161532034638674 -6.723124 0.335198 -4.110970
2161532294607904 -9.984126 -1.067847 -6.876357
2161532554575266 -7.371972 -1.671204 -4.774184
2161532814543694 -9.071907 0.682368 -6.969734
2161533074512455 -6.828472 0.481249 -2.729473
2161533334480851 -8.784595 -1.144463 -5.102200
2161533594448280 -7.046351 -1.161223 -6.347222
2161533854417908 -8.162083 0.842785 -7.036774
2161534114389337 -7.175642 0.177176 -7.719142
2161534374359500 -7.843644 -1.252206 -4.656865
2161534634326797 -7.079871 -1.261783 -9.335278
2161534894294924 -6.347222 0.328016 -4.280963
2161535154263851 -8.075889 0.493221 -10.774237
2161535414232446 -6.320886 -0.265765 -3.320859
2161535674199777 -10.690437 -1.755003 -8.640938
2161535934168604 -5.463735 -0.507586 -5.272193
2161536194140633 -10.479741 0.950527 -5.707951
2161536454112061 -4.656865 -0.423787 -4.000833
2161536714079458 -11.025636 -1.357554 -5.408667
2161536974047454 -4.857984 -0.009577 -5.427821
2161537234018981 -9.665688 0.747014 -8.039975
2161537513988010 -5.494861 -0.134079 -5.027977
2161537773955574 -11.269852 -1.324034 -5.020794
2161538033923235 -5.571477 0.086194 -4.664047
2161538293892129 -9.675264 0.081405 -6.881146
2161538553860990 -6.442994 -0.052674 -5.468524
2161538813828588 -10.156514 0.016760 -5.930619
2161539073796149 -6.672844 -0.181965 -5.547535
2161539333767377 -9.986520 -0.244216 -6.347222
2161539593738673 -7.120573 0.658426 -2.734262
2161539853707170 -10.312141 -0.531529 -6.241874
2161540113674699 -6.943397 -1.319245 -3.225088
2161540373643259 -9.335278 0.881093 -7.515629
2161540633612120 -7.601822 1.467690 -2.966506
2161540893580117 -9.469357 -0.720677 -5.540352
2161541153547579 -7.982512 -1.391074 -3.323253
2161541413518141 -9.397529 1.180377 -6.249057
2161541673490102 -7.441406 0.821236 -2.219493
2161541933459965 -8.784595 -0.320833 -5.655277
2161542193427394 -7.285778 -1.405439 -6.902694
2161542453396956 -8.018426 0.186753 -3.806897
2161542713368185 -8.013638 0.301679 -9.780613
2161542973338648 -7.604217 -0.864333 -2.578634
2161543233305911 -9.929058 -1.496422 -8.973742
2161543493274039 -6.433416 -0.313650 -3.380716
2161543753242933 -10.065532 1.132492 -4.956149
2161544013211628 -5.842031 0.519558 -2.796513
2161544273178924 -10.482135 -1.213897 -7.288173
2161544533147587 -4.850801 0.411815 -6.153286
2161544793119048 -10.395941 0.943344 -7.269018
2161545053090211 -5.528380 0.009577 -4.410254
2161545313057608 -10.419884 -0.004789 -6.974523
2161545573025236 -6.555524 -1.477268 -3.629721
2161545832994198 -9.249084 0.993624 -5.930619
2161546092962959 -8.025609 0.658426 -3.275368
2161546352930457 -9.747093 -0.644060 -6.715941
2161546612898252 -7.750268 -1.867534 -6.603410
2161546872870014 -8.389539 0.610540 -4.302512
2161547132841777 -7.460560 -0.447729 -8.360807
2161547392810307 -7.987301 -1.556279 -5.686403
2161547652777801 -8.346442 -1.434171 -6.083852
2161547912748629 -7.197190 -0.993624 -5.312896
2161548172719925 -9.713573 -0.287313 -8.710372
2161548432688888 -7.197190 -0.828419 -3.462121
2161548692656351 -10.338479 -1.458113 -8.277008
2161548952624846 -6.273000 -0.524346 -3.624932
2161549212593740 -10.750294 -0.682368 -6.919454
2161549472561869 -5.937801 -0.337593 -2.870735
2161549732529364 -11.617022 -1.829226 -6.560313
2161549992499158 -5.822876 -0.871516 -3.354379
2161550252470521 -11.140561 -0.275342 -5.303319
2161550512440583 -5.748654 0.002394 -3.794926
2161550772407980 -11.336891 -0.186753 -6.342434
2161551032376175 -5.672037 -0.509981 -3.974496
2161551292344935 -9.828498 0.720677 -6.816500
2161551552313463 -6.083852 -0.275342 -4.098999
2161551811903525 -10.477346 -0.883487 -6.569890
2161552071872487 -6.529187 0.143656 -5.169240
2161552331844448 -9.021627 0.593780 -6.138921
2161552591815842 -7.666468 0.390267 -5.688797
2161552851783273 -9.658504 -1.144463 -7.146910
2161553111751468 -6.950580 -1.623318 -4.333637
2161553371723028 -9.091062 0.040703 -10.520444
2161553631694257 -6.828472 0.423787 -3.301705
2161553891661955 -9.387952 -1.094184 -7.087053
2161554151896117 -6.454965 -1.623318 -4.879532
2161554412298279 -8.700794 0.823631 -8.162083
2161554672567175 -6.390319 1.376708 -3.605778
2161554932534739 -8.490098 -0.486038 -7.180430
2161555192502401 -7.005648 -1.805283 -6.771009
2161555452473496 -8.526012 -0.411815 -6.237086
2161555712444659 -6.833261 0.007183 -8.576292
2161555972413390 -8.605023 0.107742 -5.238673
2161556232380851 -6.976917 -1.592193 -8.640938
2161556492349478 -7.453377 0.912219 -4.424620
2161556752318373 -8.164477 -0.445335 -11.810958
2161557012286336 -7.831673 -0.320833 -4.477294
2161557272253831 -8.116591 -1.640078 -8.913885
2161557532224326 -7.242682 0.251399 -2.846793
2161557792196021 -9.696813 0.536318 -6.917060
2161558052166116 -6.373559 -0.368718 -3.967313
2161558312133578 -11.293795 -2.418218 -8.257854
2161558572102973 -5.315290 -0.272947 -5.027977
2161558832074402 -9.996098 0.519558 -6.785375
2161559092044831 -4.714327 0.615329 -4.149278
2161559352012228 -10.908316 -1.321640 -5.856396
2161559611980222 -4.264204 -0.464489 -5.377541
2161559871949116 -9.931452 0.895459 -7.733508
2161560131917776 -4.506025 0.055068 -6.165257
2161560391885140 -10.640158 -0.593780 -7.458166
2161560651853668 -4.829252 -0.849968 -5.185999
2161560911825163 -9.335278 1.273754 -6.969734
2161561171796326 -5.772596 0.967287 -2.968901
2161561431763656 -10.489318 -0.177176 -5.588237
2161561691731617 -6.833261 -1.920208 -4.594614
2161561951700412 -9.526819 0.418998 -5.808511
2161562211669106 -7.522811 1.235446 -3.833234
2161562471636570 -8.595447 -0.227456 -5.236279
2161562731604432 -7.786181 -2.490046 -6.541159
2161562991576061 -8.526012 -0.280130 -5.578660
2161563251548023 -7.283384 0.476461 -6.431022
2161563511516453 -8.044764 -0.332804 -4.115758
2161563771483916 -7.953781 -0.972076 -8.353624
2161564031454711 -7.484503 0.301679 -2.667222
2161564291425939 -9.270632 0.699128 -7.510840
2161564551395202 -6.993677 -0.608146 -2.382303
2161564811362531 -12.028836 -1.556279 -5.650488
2161565071330959 -5.384724 -0.440547 -3.335225
2161565331299820 -11.609838 -0.040703 -4.654470
2161565591268050 -5.707951 -0.682368 -4.115758
2161565851235412 -11.095070 -0.462095 -7.142122
2161566111205308 -5.461341 -0.754197 -5.303319
2161566371176636 -9.766247 -0.960104 -7.376760
2161566631146798 -6.912271 -0.253793 -4.781367
2161566891114095 -9.677659 -0.361535 -5.377541
2161567151082089 -7.297750 -1.623318 -3.881119
2161567411051050 -8.004061 -1.082212 -6.392714
2161567691017179 -8.777411 0.198725 -3.964919
2161567950984542 -7.455772 -1.005595 -4.087027
2161568210953804 -6.926637 -1.996825 -8.047157
2161568470925732 -6.907483 -0.196331 -5.351204
2161568730896928 -8.724737 0.344776 -8.260248
2161568990864291 -6.543553 0.196331 -3.883514
2161569250832652 -11.035213 -0.579414 -8.691217
2161569510804112 -4.781367 -0.237033 -6.205960
2161569770775375 -10.041589 0.143656 -8.576292
2161570030742872 -4.982486 -0.088588 -5.705557
2161570290710467 -10.525232 -0.363930 -7.771816
2161570550679428 -5.897099 -0.794899 -4.383917
2161570810648222 -9.126976 0.311256 -7.671257
2161571070615752 -6.134132 0.289707 -3.828445
2161571330583380 -10.510866 -0.498009 -7.630554
2161571590554707 -6.519610 -1.606558 -3.620143
2161571850525902 -9.452597 -0.047885 -7.525206
2161572110494466 -7.951386 0.672791 -3.091009
2161572370461895 -8.305739 0.083800 -5.391907
2161572630571922 -7.410281 -0.842785 -6.241874
2161572890540917 -7.908290 -0.521952 -3.524373
2161573150508780 -7.846038 -0.483644 -10.539598
2161573410476375 -7.922655 0.191542 -4.022382
2161573670446938 -9.062330 -1.204320 -8.324894
2161573930418732 -6.976917 -0.735042 -3.256214
2161574190388595 -9.725544 -0.239427 -8.736709
2161574450356057 -7.108602 0.342381 -2.870735
2161574710325585 -10.604243 -0.861939 -7.915473
2161574970296981 -6.675238 -0.229850 -3.931399
2161575230267310 -10.968173 0.201119 -5.353599
2161575490234607 -6.019207 -0.509981 -3.732674
2161575750202702 -11.068732 -0.670397 -5.612180
2161576010171529 -5.355993 -0.663214 -5.298530
2161576270140224 -10.111023 -0.972076 -7.867587
2161576530107520 -6.352011 -0.466884 -5.358387
2161576790076282 -10.348056 -1.292908 -5.628940
2161577050047743 -7.233104 -2.602577 -3.917034
2161577310018806 -8.135746 0.871516 -7.213950
2161577569986104 -8.468550 -0.263370 -4.398283
2161577829953966 -9.009656 0.026337 -6.682421
2161578089922760 -6.888329 -2.578634 -7.623371
2161578349891655 -7.190007 0.124502 -6.098218
2161578609859052 -7.721536 -0.493221 -8.257854
2161578869826913 -8.356019 -0.181965 -3.658452
2161579129798741 -9.648928 0.304073 -5.482889
2161579389770502 -6.536370 -0.251399 -4.051113
2161579649738799 -11.006481 1.355160 -4.623344
2161579909706294 -5.672037 -0.967287 -4.604190
2161580169677388 -12.397555 -1.149252 -6.198778
2161580429648617 -6.416656 -0.313650 -4.070267
2161580689617581 -10.834093 0.296890 -4.704750
2161580949584976 -5.973716 -0.464489 -5.466129
2161581209553503 -11.339286 -0.615329 -5.889916
2161581469522331 -5.880339 -0.375901 -5.188394
2161581729490393 -11.181263 -0.876305 -8.382356
2161581989457855 -5.712739 -0.342381 -5.674431
2161582249427883 -10.944230 -0.126897 -6.134132
2161582509399145 -6.182017 -0.713494 -4.429409
2161582769369175 -10.582695 -0.351958 -5.925830
2161583029336471 -7.070293 0.059857 -4.084633
2161583289304698 -10.616215 0.155628 -5.947379
2161583549273593 -7.620977 -1.273754 -2.909044
2161583809242121 -9.454991 -0.124502 -5.506832
2161584069209451 -7.800547 0.656031 -1.601770
2161584329178679 -9.299363 -0.081405 -6.016813
2161584589150507 -8.150111 -1.608953 -4.553911
2161584849121802 -8.334471 0.067040 -3.402265
2161585109089199 -7.795759 -0.074223 -8.324894
2161585369057461 -8.224334 -0.150839 -3.782954
2161585629029022 -9.186832 -1.041510 -7.498868
2161585889000218 -7.613794 0.718282 -2.521171
2161586148967782 -10.862824 0.890670 -5.212336
2161586408935376 -6.967340 -0.351958 -3.600989
2161586668904270 -12.416709 -0.481249 -4.302512
2161586928873064 -5.693585 0.052674 -3.857177
2161587188840729 -11.162109 -0.890670 -5.949773
2161587448808290 -5.394301 -0.466884 -5.722317
2161587708779551 -10.812545 -0.179571 -6.593833
2161587968750847 -6.141315 -1.122915 -3.510007
2161588228719344 -9.112610 1.386285 -5.676826
2161588488686873 -6.893117 0.737437 -4.003228
2161588748655433 -9.289786 0.265765 -5.717528
2161589008624361 -7.285778 -1.726272 -5.710345
2161589268592358 -8.430242 0.433364 -5.329656
2161589528559853 -7.295355 0.306467 -7.858010
2161589788530415 -7.934627 0.387873 -2.968901
2161590048502309 -9.593859 -1.331217 -8.363202
2161590308472172 -7.740690 -0.301679 -3.397476
2161590568439601 -10.630580 0.605752 -4.292935
2161590828409163 -6.622564 -0.450124 -3.706337
2161591088380525 -12.498115 -1.606558 -5.344021
2161591348351021 -5.779779 -0.210696 -2.863553
2161591608318184 -11.248303 0.079011 -5.681614
2161591868286278 -6.162863 -0.165205 -3.993650
2161592128255139 -11.183658 -1.264177 -5.514015
2161592388223868 -5.743865 -0.114925 -5.355993
2161592648191098 -10.338479 -0.150839 -6.952974
2161592908159794 -5.164451 0.246610 -5.518804
2161593168269717 -11.389565 -1.072635 -6.969734
2161593428240880 -6.057515 -0.617723 -5.054314
2161593688208244 -9.495694 1.024750 -6.830866
2161593948176005 -6.445388 0.169994 -6.371165
2161594208144933 -10.060742 -0.146051 -6.792558
2161594468113760 -6.912271 -1.084607 -5.241067
2161594728081191 -9.976943 0.837996 -6.957763
2161594988049019 -7.201979 1.386285 -2.348783
2161595248020781 -9.150918 0.270553 -5.772596
2161595507992509 -7.881953 -1.697541 -3.759012
2161595767961006 -8.746285 0.253793 -5.514015
2161596027928434 -7.302538 -0.390267 -8.193209
2161596287899328 -7.948992 -0.442941 -3.677606
2161596547870657 -9.340066 -1.910631 -8.186026
2161596807839686 -7.087053 0.304073 -2.875524
2161597067807082 -10.364816 0.565049 -6.498062
2161597327775578 -6.617775 -0.605752 -2.291321
2161597587744406 -10.343267 -1.553884 -6.433416
2161597847712668 -5.253039 -0.543500 -6.423839
2161598107680030 -9.706390 0.775745 -6.852415
2161598367649925 -6.395108 -0.737437 -6.347222
2161598627621221 -10.403124 0.581809 -5.933013
2161598887591350 -7.182825 -2.185973 -3.680000
2161599147558580 -8.933040 0.069434 -7.290567
2161599407526842 -7.393521 0.246610 -5.387118
2161599667495669 -8.758257 -0.385478 -4.199558
2161599927464197 -6.799740 -1.546702 -6.524399
2161600187431560 -8.016032 0.548289 -3.136500
2161600447400522 -8.863605 0.052674 -8.559532
2161600707372450 -7.625765 0.033520 -2.396669
2161600967343878 -10.726351 -1.170800 -6.833261
2161601227311409 -6.507639 0.823631 -2.162030
2161601487279571 -11.040001 0.747014 -4.762213
2161601747251065 -6.158075 -0.181965 -2.830033
2161602007222260 -12.009683 -1.120521 -4.642499
2161602267189992 -5.889916 -0.117319 -4.496448
2161602527157520 -10.886767 0.919402 -6.603410
2161602787126414 -5.904282 -0.715888 -6.023995
2161603047095208 -11.104647 -0.799688 -7.300144
2161603307062738 -5.444581 -0.169994 -6.275394
2161603567030333 -9.909904 0.457306 -6.708758
2161603827001460 -6.261029 0.517163 -5.166845
2161604086972756 -10.958596 -0.311256 -6.632141
2161604346941520 -6.823683 -0.996018 -5.205153
2161604606909049 -9.921875 0.490826 -6.519610
2161604866877643 -8.044764 0.809265 -2.913832
2161605126846605 -9.787795 -0.368718 -5.875550
2161605386814534 -7.664073 -1.745426 -5.506832
2161605646781897 -8.911490 0.617723 -6.318491
2161605906752392 -6.830866 0.019154 -5.660066
2161606166724154 -8.672064 -0.057463 -4.158855
2161606426694382 -7.154093 -1.661627 -8.365596
2161606686661744 -7.745479 1.333611 -3.739857
2161606946631206 -8.875577 -0.337593 -11.195629
2161607206602568 -7.319298 -0.174782 -3.488458
2161607466573097 -9.234718 -1.144463 -9.160496
2161607726906959 -6.888329 0.002394 -2.913832
2161607987308287 -10.412702 0.553077 -6.129344
2161608247477081 -6.421445 0.395055 -2.856370
2161608507445776 -11.576319 -1.587404 -7.297750
2161608767413173 -5.652883 0.232245 -3.095797
2161609027381701 -11.181263 1.896266 -4.091815
2161609287353195 -5.813299 -0.203513 -5.066286
2161609547324291 -11.894757 -1.541913 -5.889916
2161609807291622 -5.478101 0.071828 -3.747040
2161610067259416 -11.150138 -0.184359 -5.516409
2161610327228243 -6.670450 0.196331 -4.606585
2161610587197137 -11.219572 0.174782 -6.945791
2161610847164635 -6.021601 -1.005595 -5.514015
2161611107132397 -10.783813 -0.088588 -6.263423
2161611367104125 -6.457359 0.064645 -4.156461
2161611627076019 -10.970567 -1.137281 -7.477320
2161611887044482 -5.794145 -0.861939 -5.423032
2161612147011911 -10.058349 0.715888 -7.259441
2161612406982674 -6.859597 0.567443 -5.162056
2161612666953903 -10.034406 0.363930 -4.462928
2161612926923166 -7.218739 -0.608146 -3.385504
2161613186890561 -9.296969 0.689551 -5.423032
2161613446859022 -7.786181 1.644867 -2.394275
2161613706827883 -9.244295 0.368718 -4.637710
2161613966891256 -8.265037 -0.770957 -4.848406
2161614226858618 -9.031204 -0.320833 -4.489265
2161614486828547 -7.764633 0.186753 -7.513234
2161614746799842 -8.339259 0.119714 -3.227483
2161615006770037 -8.842057 -1.276148 -8.207574
2161615266737301 -6.897906 0.093377 -2.516383
2161615526705329 -10.601849 0.244216 -8.236305
2161615786674223 -7.139728 -0.536318 -2.794119
2161616046642818 -11.549982 -0.241822 -5.765414
2161616306610081 -6.217932 0.486038 -2.722291
2161616566579143 -11.684061 0.694340 -3.517190
2161616826550972 -6.385531 0.119714 -3.612961
2161617086522467 -12.182070 -0.102954 -3.589018
2161617346489930 -5.389513 0.021548 -4.273780
2161617606457958 -11.011270 -0.332804 -6.385531
2161617866429385 -6.153286 0.316044 -5.370358
2161618126400781 -10.558752 0.227456 -5.564295
2161618386368645 -6.660872 -0.445335 -5.030371
2161618646336141 -10.005674 0.136474 -4.122941
2161618906305035 -7.613794 0.459701 -3.378322
2161619166273796 -10.932259 0.442941 -5.667248
2161619426241559 -7.699988 -1.122915 -3.828445
2161619686209020 -9.545974 -0.392661 -4.936995
2161619946180182 -8.195602 -0.265765 -4.889109
2161620206151445 -7.984907 -0.593780 -4.120547
2161620466120242 -8.095043 -2.343995 -8.430242
2161620726087570 -8.133351 -0.237033 -4.857984
2161620986056198 -9.088667 -1.089395 -9.885961
2161621246024992 -7.307327 0.464489 -2.013585
2161621505993055 -11.794198 -0.943344 -4.719116
2161621765960517 -6.404685 -0.459701 -3.184386
2161622025930813 -11.162109 0.059857 -6.012024
2161622285902707 -6.431022 -0.521952 -4.968120
2161622545872870 -11.049579 -0.320833 -7.211556
2161622805840299 -5.911465 -0.873910 -5.001640
2161623065809594 -10.415095 0.023943 -5.973716
2161623325781023 -7.482109 0.919402 -2.693559
2161623585751652 -10.120600 0.160416 -5.083045
2161623845718983 -8.164477 -1.304880 -3.514795
2161624105686911 -9.012051 -0.332804 -5.181211
2161624365655805 -7.805336 0.095771 -5.535563
2161624625624566 -8.341654 0.069434 -3.972102
2161624885591796 -8.504464 -1.075029 -8.554744
2161625145560291 -7.549149 -0.033520 -3.186780
2161625405531718 -9.823709 0.296890 -5.667248
2161625665702914 -7.211556 0.193936 -3.105374
2161625926103641 -10.711986 -0.038308 -5.185999
2161626186438004 -5.966533 -0.299284 -3.507613
2161626446406965 -10.850853 -0.244216 -6.114978
2161626706375760 -6.234692 -0.435758 -5.760625
2161626966343224 -10.601849 -0.150839 -7.036774
2161627226310885 -6.608199 -0.629694 -5.083045
2161627486282580 -9.878778 0.193936 -5.080651
2161627746254342 -7.822096 0.744619 -3.500430
2161628006223038 -9.416683 0.153234 -5.099805
2161628266190533 -8.360807 -1.015172 -3.462121
2161628526161294 -8.138140 0.459701 -4.072661
2161628786132657 -8.344048 -0.399844 -7.022408
2161629046101787 -7.743085 0.538712 -3.545921
2161629306069182 -10.213976 -0.533923 -6.433416
2161629566037576 -6.924243 0.203513 -2.341601
2161629826006404 -10.903527 0.222668 -4.089421
2161630085974600 -7.075082 -1.283331 -4.802915
2161630345942096 -10.336084 -0.833208 -6.888329
2161630605911857 -6.818895 -1.403045 -6.158075
2161630865883219 -9.129370 -0.433364 -4.517997
2161631125853382 -8.363202 0.471672 -3.306494
2161631385820612 -8.521224 -0.328016 -5.025583
2161631645788839 -9.079090 -0.897853 -5.767808
2161631905757733 -7.477320 -0.543500 -2.423006
2161632165726361 -10.462981 0.794899 -5.360781
2161632425693658 -6.737489 -0.239427 -2.913832
2161632685495852 -11.765467 -0.687157 -4.905869
2161632945467714 -5.933013 -0.407027 -4.254626
2161633205439309 -11.360834 -0.143656 -5.490072
2161633465573406 -5.906676 -0.272947 -5.418244
2161633725541402 -10.862824 0.069434 -6.747066
2161633985512896 -5.774991 -0.466884 -5.324867
2161634245484125 -10.704803 0.715888 -6.648901
2161634505451989 -7.539571 -0.533923 -5.964139
2161634765419517 -10.443827 -0.414210 -6.866780
2161635025388343 -6.981705 -0.363930 -3.639298
2161635285357271 -9.833286 1.084607 -4.939389
2161635545324869 -7.391126 0.897853 -3.083826
2161635806477945 -9.617802 0.469278 -4.920235
2161636066882373 -7.618582 -1.031932 -3.598595
2161636326987003 -9.311335 0.244216 -5.774991
2161636586955832 -7.649708 0.399844 -3.035940
2161636846923328 -8.870789 0.045491 -4.704750
2161637106891789 -8.286585 -1.307274 -5.126143
2161637366860650 -8.741497 -0.076617 -4.379128
2161637626828747 -7.838856 -0.155628 -6.835655
2161637886796176 -8.245882 0.538712 -3.332830
2161638146766505 -8.688824 -1.359948 -7.541965
2161638406738367 -7.640131 -0.038308 -2.808484
2161638666708530 -9.888355 0.351958 -5.698374
2161638926675960 -7.178036 -0.088588 -2.502017
2161639186645121 -11.681666 -0.682368 -4.913052
2161639446616516 -6.811712 -0.143656 -2.042316
2161639706587278 -11.226754 0.598569 -2.913832
2161639966554542 -6.890723 -0.938556 -3.804503
2161640226522470 -12.929084 -0.493221 -3.651269
2161640486491498 -6.081458 0.342381 -3.112557
2161640746460226 -11.403931 0.055068 -6.050333
2161641006427556 -6.392714 -0.761379 -5.056708
2161641266395918 -12.064751 -0.658426 -7.486897
2161641526367279 -5.949773 -0.557866 -5.667248
2161641786338609 -10.362421 0.586597 -5.332050
2161642046306106 -6.967340 1.029538 -3.155654
2161642306273734 -9.996098 -0.739831 -4.965726
2161642566242628 -7.903501 -2.614548 -3.802108
2161642826211456 -8.614601 0.679974 -6.174835
2161643086178920 -8.588264 -0.579414 -4.668836
2161643346146648 -8.454185 -0.658426 -4.642499
2161643606118210 -8.370385 -0.598569 -8.533195
2161643866090037 -8.095043 -0.100560 -3.079037
2161644126058834 -10.252285 1.347977 -3.766194
2161644386026262 -6.893117 0.064645 -3.191568
2161644645996857 -11.731947 -0.557866 -4.158855
2161644905968120 -5.533169 0.004789 -5.159662
2161645165937550 -10.896344 -0.153234 -6.641718
2161645425904946 -5.298530 -0.122108 -4.695173
2161645685873341 -11.346468 -0.531529 -7.439012
2161645945842135 -5.684009 -0.289707 -6.155681
2161646205810497 -9.763853 0.442941 -8.260248
2161646465777892 -6.009630 0.442941 -6.189200
2161646725747520 -10.352844 -0.735042 -6.086246
2161646985718848 -6.565102 0.316044 -5.449369
2161647245689144 -10.151725 0.593780 -5.904282
2161647505656508 -6.557919 0.814053 -4.144490
2161647765624536 -10.003280 -0.289707 -6.306520
2161648025593430 -6.742278 -0.972076 -3.665635
2161648285562058 -9.395134 0.857150 -6.366377
2161648545529388 -6.950580 1.324034 -1.312063
2161648805498083 -10.065532 -0.040703 -4.879532
2161649065470077 -7.216344 -1.067847 -3.466910
2161649325441571 -9.000079 0.205908 -4.893898
2161649585409102 -7.146910 0.289707 -6.397502
2161649845377064 -8.686429 -0.428575 -5.317684
2161650105348491 -7.525206 -1.273754 -7.910684
2161650365319820 -7.436617 0.658426 -3.560287
2161650625287818 -8.231517 -0.332804 -9.687236
2161650885255346 -7.120573 -0.612934 -3.196357
2161651145224174 -9.083879 -1.098972 -9.304152
2161651405193002 -6.531582 -0.634483 -2.923409
2161651665160665 -10.393547 0.335198 -8.260248
2161651925128260 -6.871569 -1.386285 -2.851581
2161652185099221 -11.427874 -2.279350 -5.272193
2161652445070517 -5.504438 -0.718282 -4.312089
2161652705039447 -10.060742 0.253793 -5.851608
2161652965006809 -5.894704 -0.653637 -4.996851
2161653224975336 -10.417490 0.035914 -8.851634
2161653484944197 -6.012024 -0.751802 -4.881927
2161653744912259 -9.402317 0.663214 -6.708758
2161654004879755 -7.771816 0.227456 -3.593807
2161654264849917 -9.613013 -0.622511 -6.088641
2161654524821779 -7.340847 -1.034327 -3.773377
2161654784792141 -9.498088 -0.332804 -6.873963
2161655044759504 -7.699988 1.589798 -2.190762
2161655304728666 -9.057542 0.533923 -5.995264
2161655564700128 -7.898713 -1.364737 -3.622538
2161655824670890 -8.925857 0.035914 -5.765414
2161656084638154 -7.601822 0.742225 -4.137307
2161656344606048 -8.607418 0.304073 -5.176422
2161656604106390 -7.235498 -1.223474 -7.726325
2161656864075285 -7.762239 0.383084 -4.896292
2161657124042549 -8.521224 -0.160416 -9.103033
2161657384010844 -7.553937 0.023943 -2.739050
2161657643982338 -10.896344 -0.277736 -7.245076
2161657903953601 -6.478908 0.438152 -3.189174
2161658163921198 -11.353651 0.385478 -4.628133
2161658423888859 -6.325674 -0.526740 -4.005622
2161658683857620 -11.418297 -0.579414 -5.197970
2161658943826448 -5.329656 -0.148445 -4.934600
2161659203794046 -10.762265 0.409421 -5.971322
2161659463761640 -5.712739 0.035914 -6.021601
2161659723733268 -11.432662 -0.385478 -6.957763
2161659983705064 -6.354405 -0.208302 -4.314483
2161660243673894 -10.340873 0.088588 -7.388732
2161660503641423 -7.113390 0.574626 -3.955342
2161660763611951 -10.520444 -0.131685 -6.174835
2161661023583180 -7.654497 -0.921796 -3.296916
2161661283552810 -9.253872 0.009577 -6.548342
2161661543520139 -8.140534 0.390267 -3.782954
2161661803488400 -8.789383 0.028731 -5.818088
2161662063457228 -8.322499 -1.984854 -4.690384
2161662323425490 -8.688824 -2.281744 -7.094236
2161662583393020 -8.751075 0.304073 -4.101393
2161662843362515 -8.954588 -0.392661 -4.676019
2161663103333910 -8.882759 -0.107742 -4.561093
2161663363304372 -7.702382 -1.216292 -3.864360
2161663623271603 -9.794978 0.330410 -6.263423
2161663883239564 -7.446195 -1.228263 -3.869148
2161664143208626 -11.130983 -1.616135 -5.396696
2161664403177254 -6.871569 -1.668810 -3.787743
2161664663144518 -11.008876 -1.379102 -6.414262
2161664923113180 -6.847626 -0.567443 -3.081432
2161665183085042 -10.465375 -0.430969 -5.657671
2161665443056636 -7.446195 -0.402238 -4.992063
2161665703024233 -9.694419 0.514769 -4.319272
2161665962992061 -7.489292 -0.371113 -5.755836
2161666222963588 -9.596253 0.004789 -3.842811
2161666482934851 -8.030397 -1.510787 -5.425426
2161666742902915 -9.292180 -0.095771 -4.956149
2161667002870444 -8.777411 0.715888 -4.891503
2161667262839205 -8.964165 0.849968 -4.223501
2161667522808066 -8.260248 -0.670397 -2.944958
2161667782775829 -9.002473 0.476461 -3.363956
2161668042743291 -7.984907 0.761379 -6.998465
2161668302714151 -8.796566 0.363930 -3.232271
2161668562685447 -8.614601 -0.806871 -7.948992
2161668822654510 -7.872375 -0.153234 -2.803696
2161669082621973 -10.161303 0.615329 -5.566689
2161669342590368 -7.699988 0.213090 -1.874717
2161669602559262 -12.153339 -0.727860 -4.472506
2161669862527424 -6.608199 -0.062251 -2.432583
2161670122494820 -11.727158 0.356747 -2.650462
2161670382464783 -6.174835 -0.277736 -4.036747
2161670642436711 -12.229956 -0.464489 -4.448563
2161670902407240 -5.636123 -0.191542 -3.890697
2161671162374636 -10.817333 0.059857 -6.387925
2161671422343731 -7.285778 0.067040 -4.716722
2161671682315026 -10.963385 -0.337593 -4.738270
2161671942285989 -7.630554 -1.699935 -3.330436
2161672202253319 -9.941029 0.426181 -5.810905
2161672462221214 -9.131764 -0.366324 -3.526767
2161672722190042 -8.523619 0.730254 -3.919428
2161672982158837 -8.430242 -0.584203 -5.904282
2161673242126167 -8.183631 1.110944 -2.995238
2161673502094362 -9.512454 0.213090 -8.877971
2161673762065756 -7.802942 0.562655 -3.529161
2161674022037052 -11.286612 -0.545895 -4.951360
2161674282004850 -7.070293 0.270553 -3.612961
2161674541972378 -10.592272 -0.778139 -8.059129
2161674801941306 -7.005648 -0.311256 -5.135719
2161675061910100 -10.700014 -0.392661 -5.657671
2161675321877664 -6.895512 -1.573039 -3.351985
2161675581845192 -9.191621 1.292908 -5.921041
2161675841816687 -8.696006 0.282524 -2.442160
2161676101788516 -9.287392 -0.512375 -4.774184
2161676361757579 -8.059129 -1.630501 -6.902694
2161676621725041 -8.262642 0.612934 -3.481276
2161676881695436 -8.047157 -0.234639 -8.664881
2161677141778385 -7.678439 0.241822 -3.442967
2161677401747948 -9.440625 -0.560260 -7.762239
2161677661715411 -6.921848 -0.246610 -3.902668
2161677921683638 -9.969760 0.150839 -5.856396
2161678181652466 -6.538764 -0.328016 -4.843618
2161678441620862 -10.925076 -0.787716 -5.839636
2161678701588291 -5.784568 0.198725 -4.539545
2161678961557719 -10.300170 -0.404632 -7.106208
2161679221529148 -6.620170 0.112531 -4.905869
2161679481499577 -10.278622 -0.272947 -6.761432
2161679741466773 -6.938608 -0.974470 -5.899493
2161680001434800 -9.047964 0.296890 -5.607392
2161680261403660 -7.613794 0.785322 -5.166845
2161680521372488 -8.858817 0.258582 -4.233078
2161680781339751 -8.315316 -0.998413 -4.046324
2161681041308280 -8.454185 -1.106155 -4.443774
2161681301280206 -8.621783 0.804476 -5.990476
2161681561251835 -7.711959 -0.299284 -3.581835
2161681821219431 -9.790190 -0.536318 -7.932232
2161682081187293 -7.048745 -0.442941 -3.646481
2161682341158721 -10.506078 -0.624906 -4.185193
2161682601563517 -7.652102 -0.148445 -3.680000
2161682861964979 -10.206794 0.301679 -5.652883
2161683122065773 -7.489292 0.351958 -4.173221
2161683382034368 -9.088667 0.237033 -4.089421
2161683642003163 -8.626573 0.677580 -4.680807
2161683901970893 -8.451790 0.067040 -3.608172
2161684161938355 -9.577099 -0.146051 -6.478908
2161684421909150 -7.695199 -0.138868 -4.065479
2161684681880412 -10.249890 0.052674 -5.281770
