# Created at Thu Nov 21 18:20:12 GMT+09:00 2024
2161485497119495 0.432239 0.039890 0.130849 0.891322
2161485637101689 0.438457 0.052908 0.135422 0.886914
2161485777083688 0.436840 0.055002 0.143271 0.886350
2161485917066080 0.420846 0.075874 0.149243 0.891547
2161486057048408 0.440448 0.085882 0.141367 0.882408
2161486197030722 0.452079 0.077950 0.143915 0.876833
2161486337013252 0.466618 0.094104 0.121964 0.870939
2161486476996116 0.444225 0.072958 0.113451 0.885702
2161486616979347 0.443414 0.071616 0.103443 0.887442
2161486756962577 0.439852 0.076330 0.099770 0.889241
2161486896945774 0.455257 0.079722 0.096607 0.881505
2161487036928905 0.457917 0.081968 0.094780 0.880118
2161487176911237 0.458533 0.088098 0.107759 0.877709
2161487316893767 0.449426 0.085682 0.130915 0.879508
2161487456876298 0.441332 0.082997 0.153218 0.880261
2161487596860595 0.451136 0.084922 0.152683 0.875186
2161487736845225 0.465594 0.085439 0.143605 0.869079
2161487876829690 0.462534 0.100040 0.134944 0.870542
2161488016814288 0.455547 0.091659 0.116681 0.877759
2161488156797553 0.467093 0.093608 0.107815 0.872603
2161488296779852 0.480232 0.088741 0.100340 0.866852
2161488436762316 0.488970 0.094397 0.102199 0.861134
2161488576745014 0.477932 0.096363 0.124352 0.864193
2161488716728277 0.483471 0.091150 0.124509 0.861652
2161488856711507 0.495531 0.086618 0.121287 0.855707
2161488996694771 0.502323 0.094420 0.105163 0.853051
2161489136677968 0.489191 0.093920 0.094589 0.861929
2161489276660299 0.489595 0.099939 0.086203 0.861903
2161489416642664 0.485051 0.102289 0.080805 0.864715
2161489556625195 0.503516 0.107480 0.104704 0.850856
2161489696608960 0.503894 0.117663 0.134699 0.845045
2161489837016210 0.496056 0.105342 0.138636 0.850653
2161489977001140 0.490968 0.107565 0.136965 0.853592
2161490116985971 0.480374 0.100980 0.131634 0.861229
2161490256970102 0.480458 0.095159 0.125155 0.862809
2161490396952468 0.489774 0.091059 0.108100 0.860316
2161490536934932 0.481996 0.082755 0.095099 0.867056
2161490676917329 0.476399 0.078101 0.090336 0.871081
2161490816901593 0.479063 0.082387 0.092694 0.868975
2161490956886223 0.490511 0.083705 0.111808 0.860169
2161491096870754 0.485288 0.080498 0.132553 0.860491
2161491236855318 0.485168 0.081624 0.151010 0.857405
2161491376838750 0.483886 0.086065 0.156535 0.856704
2161491516821049 0.493586 0.095863 0.153345 0.850686
2161491656803546 0.488973 0.101666 0.144662 0.854190
2161491796786109 0.467755 0.092228 0.134033 0.868754
2161491936769339 0.469603 0.098625 0.128750 0.867852
2161492076752569 0.477105 0.105849 0.130309 0.862662
2161492216735766 0.486117 0.103414 0.131426 0.857742
2161492356719063 0.477631 0.104245 0.153915 0.858668
2161492496701529 0.475428 0.084960 0.173869 0.858206
2161492636683894 0.481263 0.090363 0.169415 0.855288
2161492776666391 0.469646 0.096573 0.143113 0.865808
2161492916649923 0.451766 0.085204 0.123783 0.879388
2161493056634854 0.452857 0.082710 0.119753 0.879623
2161493196619751 0.465279 0.087692 0.118643 0.872782
2161493336604615 0.447762 0.092890 0.128678 0.879955
2161493476588946 0.462438 0.084138 0.135563 0.872177
2161493616571245 0.454665 0.077724 0.144654 0.875393
2161493756553642 0.469350 0.084406 0.141706 0.867470
2161493896536140 0.462303 0.086050 0.135299 0.872103
2161494036520105 0.461392 0.071879 0.125090 0.875387
2161494176504768 0.452236 0.077345 0.114450 0.881136
2161494316489366 0.454524 0.080089 0.117538 0.879305
2161494456473897 0.465868 0.082881 0.136040 0.870396
2161494596457561 0.468949 0.082275 0.160168 0.864675
2161494736439793 0.477516 0.086083 0.164535 0.858775
2161494876422324 0.474621 0.085469 0.157620 0.861733
2161495016404821 0.448317 0.089410 0.140522 0.878219
2161495156388085 0.445988 0.082740 0.130315 0.881627
2161495296371382 0.443931 0.082664 0.136794 0.881690
2161495436354579 0.452204 0.093982 0.148623 0.874408
2161495576337809 0.445201 0.104448 0.167454 0.873410
2161495716320374 0.420464 0.102117 0.175079 0.884380
2161495856302772 0.424103 0.103774 0.190638 0.879218
2161495996285302 0.449529 0.095524 0.182149 0.869264
2161496136268567 0.440911 0.093281 0.149555 0.880073
2161496276253197 0.439068 0.094120 0.131256 0.883816
2161496416237794 0.444816 0.096959 0.133776 0.880250
2161496556222259 0.433526 0.096829 0.151981 0.882938
2161496696206590 0.419238 0.100058 0.170486 0.886093
2161496836188955 0.423985 0.089765 0.175309 0.883993
2161496976171320 0.428818 0.087083 0.171546 0.882667
2161497116153850 0.428245 0.086176 0.152870 0.886459
2161497256136881 0.427214 0.082558 0.142351 0.889048
2161497396120111 0.425100 0.088158 0.134175 0.890794
2161497536103341 0.426406 0.084644 0.135870 0.890253
2161497676086638 0.407460 0.089433 0.156437 0.895268
2161497816069469 0.401756 0.089670 0.178504 0.893693
2161497956051768 0.416161 0.093334 0.180280 0.886339
2161498096034331 0.422985 0.091237 0.173423 0.884693
2161498236017128 0.405021 0.091950 0.160063 0.895478
2161498376001825 0.398371 0.084649 0.141635 0.902260
2161498515986689 0.415358 0.080504 0.132643 0.896327
2161498655971487 0.423591 0.081303 0.140122 0.891249
2161498795956285 0.408507 0.085421 0.156601 0.895154
2161498935939150 0.410088 0.083019 0.171454 0.891929
2161499075921582 0.421320 0.085555 0.173068 0.886124
2161499215904146 0.430999 0.084640 0.169387 0.882260
2161499355887110 0.420848 0.087203 0.154108 0.889681
2161499495871740 0.415244 0.078339 0.132902 0.896533
2161499635856404 0.422854 0.085336 0.130058 0.892746
2161499775840868 0.433713 0.085054 0.141818 0.885745
2161499915825332 0.426931 0.088807 0.155089 0.886448
2161500055807797 0.414779 0.083601 0.170098 0.889963
2161500195790229 0.427885 0.089709 0.176632 0.881854
2161500335772693 0.439921 0.087149 0.164962 0.878442
2161500475755624 0.426191 0.081640 0.141385 0.889778
2161500615738954 0.423919 0.074174 0.133014 0.892803
2161500755722218 0.432537 0.076680 0.127475 0.889258
2161500895705415 0.435615 0.074931 0.139638 0.886073
2161501035688379 0.429585 0.080189 0.149701 0.886913
2161501175670711 0.441253 0.072707 0.163002 0.879454
2161501315653208 0.453699 0.072475 0.161406 0.873414
2161501455635772 0.448236 0.071981 0.150845 0.878150
2161501595620302 0.436330 0.063348 0.128485 0.888309
2161501735604967 0.440856 0.072688 0.117810 0.886838
2161501875589432 0.450533 0.073815 0.126559 0.880655
2161502015574029 0.429672 0.072335 0.146153 0.888137
2161502155556994 0.414307 0.074221 0.170426 0.890952
2161502295539226 0.429719 0.075271 0.175057 0.882626
2161502435521723 0.451344 0.078993 0.169014 0.872629
2161502575504487 0.437648 0.071453 0.142738 0.884863
2161502715487817 0.422395 0.073276 0.126561 0.894536
2161502855471014 0.429184 0.075184 0.124888 0.891375
2161502995454211 0.447372 0.075109 0.144006 0.879476
2161503135437408 0.437924 0.075343 0.161546 0.881162
2161503275419641 0.420391 0.073370 0.178668 0.886546
2161503415402038 0.425270 0.077501 0.181694 0.883247
2161503555384602 0.420690 0.076968 0.160136 0.889635
2161503695368600 0.411708 0.068773 0.142126 0.897533
2161503835353464 0.420724 0.063827 0.124958 0.896271
2161503975338261 0.426330 0.059828 0.137787 0.892007
2161504115323158 0.403622 0.056639 0.168120 0.897561
2161504255307056 0.387537 0.067787 0.173996 0.902742
2161504395289355 0.405381 0.076363 0.178194 0.893353
2161504535271952 0.432203 0.072952 0.185888 0.879388
2161504675254417 0.417393 0.074140 0.162457 0.891007
2161504815238747 0.409729 0.067457 0.146299 0.897868
2161504955223377 0.425308 0.069792 0.136986 0.891895
2161505095207909 0.432977 0.080513 0.150591 0.885082
2161505235192473 0.415628 0.080403 0.180840 0.887741
2161505375175705 0.411468 0.079528 0.199390 0.885783
2161505515158071 0.418729 0.085018 0.190986 0.883720
2161505655140568 0.429842 0.085055 0.173601 0.881965
2161505795123199 0.419223 0.081497 0.144488 0.892599
2161505935106496 0.413203 0.085083 0.140900 0.895639
2161506075089726 0.432482 0.084649 0.149570 0.885111
2161506215072923 0.435499 0.090822 0.176700 0.877991
2161506355056120 0.429036 0.084461 0.198246 0.877207
2161506495038485 0.433074 0.087196 0.201366 0.874239
2161506635020916 0.445553 0.081714 0.195665 0.869781
2161506775003413 0.427510 0.073155 0.167558 0.885329
2161506914987177 0.415607 0.064137 0.150269 0.894749
2161507054971807 0.432450 0.061342 0.139380 0.888705
2161507194956371 0.453452 0.064734 0.159513 0.874497
2161507334940869 0.441350 0.076046 0.191733 0.873306
2161507474924834 0.428246 0.084147 0.216609 0.873272
2161507614907133 0.430395 0.092515 0.214495 0.871889
2161507754889564 0.447815 0.086263 0.194074 0.868536
2161507894872128 0.446772 0.082822 0.169041 0.874619
2161508034855292 0.436119 0.089060 0.161186 0.880844
2161508174838522 0.435238 0.094573 0.164481 0.880096
2161508314821686 0.433419 0.083586 0.177107 0.879655
2161508454804983 0.429665 0.090063 0.187773 0.878645
2161508594787614 0.436913 0.095995 0.204948 0.870567
2161508734769946 0.444485 0.098628 0.205299 0.866347
2161508874752476 0.443355 0.092503 0.186321 0.871873
2161509014735573 0.439642 0.081685 0.166510 0.878814
2161509154720371 0.441817 0.078721 0.150799 0.880828
2161509294705235 0.450584 0.080143 0.160451 0.874532
2161509434690065 0.440083 0.078726 0.175771 0.877059
2161509574674662 0.429055 0.070712 0.187166 0.880840
2161509714657294 0.442763 0.070716 0.192609 0.872846
2161509854639725 0.464381 0.075617 0.174076 0.865060
2161509994622222 0.449368 0.075230 0.146248 0.878077
2161510134605753 0.442223 0.066109 0.120180 0.886354
2161510274590383 0.450550 0.068931 0.122173 0.881660
2161510414643094 0.469181 0.077232 0.137573 0.868894
2161510554627592 0.451789 0.089667 0.163097 0.872493
2161510694611689 0.433735 0.085277 0.183754 0.877972
2161510834594055 0.444962 0.080463 0.184757 0.872581
2161510974576553 0.457621 0.062500 0.157086 0.872926
2161511114559050 0.451202 0.048908 0.135445 0.880726
2161511254542147 0.443508 0.055989 0.125488 0.885674
2161511394525377 0.446610 0.056224 0.126606 0.883939
2161511534508541 0.453329 0.035584 0.144104 0.878896
2161511674491838 0.459445 0.055395 0.156109 0.872623
2161511814474636 0.450291 0.063245 0.175119 0.873252
2161511954456968 0.450107 0.063830 0.181426 0.872016
2161512094439531 0.447863 0.052228 0.153429 0.879289
2161512234422462 0.438760 0.056940 0.134049 0.886723
2161512374406992 0.451693 0.056681 0.127804 0.881150
2161512514391622 0.466567 0.059512 0.136104 0.871922
2161512654376021 0.459039 0.079183 0.163800 0.869587
2161512794360586 0.439828 0.076055 0.186834 0.875133
2161512934343185 0.451641 0.070862 0.187247 0.869446
2161513074325517 0.464738 0.074216 0.178640 0.864059
2161513214308081 0.460445 0.059878 0.155286 0.871946
2161513354290911 0.462776 0.055297 0.137007 0.874076
2161513494274141 0.475349 0.056638 0.140449 0.866665
2161513634257405 0.493118 0.058611 0.147634 0.855338
2161513774240669 0.471459 0.049786 0.163423 0.865181
2161513914223666 0.450607 0.059027 0.179484 0.872498
2161514054205965 0.454551 0.046114 0.174447 0.872252
2161514194188429 0.468346 0.044627 0.145563 0.870328
2161514334171027 0.466370 0.028847 0.124615 0.875292
2161514474155458 0.455365 0.035991 0.113078 0.882360
2161514614140322 0.462183 0.041607 0.107310 0.879283
2161514754125153 0.450074 0.039511 0.148303 0.879703
2161514894110017 0.446266 0.051797 0.168952 0.877278
2161515034093315 0.446136 0.060159 0.172887 0.876043
2161515174075647 0.460963 0.052414 0.165281 0.870314
2161515314058244 0.446388 0.056868 0.145832 0.881042
2161515454040975 0.436419 0.049937 0.124474 0.889691
2161515594025539 0.450299 0.054505 0.115461 0.883701
2161515734010202 0.462827 0.065839 0.138260 0.873121
2161515873994634 0.443931 0.073793 0.174270 0.875847
2161516013979231 0.429929 0.075201 0.193409 0.878691
2161516153961996 0.434471 0.080769 0.217531 0.870281
2161516293944361 0.438596 0.080399 0.203390 0.871666
2161516433926891 0.444972 0.068216 0.176464 0.875331
2161516573909621 0.432204 0.075815 0.156321 0.884881
2161516713892884 0.429036 0.069200 0.156811 0.886876
2161516853876114 0.435279 0.067701 0.164641 0.882519
2161516993859311 0.432502 0.070904 0.185690 0.879450
2161517133842509 0.431101 0.066010 0.200191 0.877335
2161517273824807 0.444632 0.066566 0.196678 0.871313
2161517413807271 0.437745 0.069695 0.165014 0.881074
2161517553789702 0.433508 0.057983 0.142574 0.887908
2161517693773966 0.438713 0.071135 0.141517 0.884558
2161517833758596 0.437864 0.082910 0.159190 0.880942
2161517973743127 0.428071 0.095011 0.189841 0.878457
2161518113727725 0.416592 0.102148 0.219572 0.876244
2161518253711223 0.429617 0.110180 0.233556 0.865298
2161518393693489 0.443252 0.112366 0.226412 0.860022
2161518533675953 0.445012 0.093029 0.191764 0.869790
2161518673658550 0.439045 0.079958 0.169329 0.878734
2161518813641714 0.442308 0.075509 0.161559 0.878954
2161518953624911 0.453516 0.073206 0.173206 0.871184
2161519093608108 0.432390 0.085552 0.193107 0.876600
2161519233591371 0.419409 0.094247 0.211880 0.877678
2161519373573870 0.444353 0.074317 0.224854 0.863983
2161519513556268 0.442667 0.061350 0.197263 0.872564
2161519653538932 0.450020 0.032222 0.144449 0.880668
2161519793522496 0.439895 0.031245 0.114605 0.890157
2161519933507326 0.455269 0.036078 0.112767 0.882446
2161520073492157 0.456601 0.029813 0.135490 0.878788
2161520213476921 0.457131 0.047481 0.154946 0.874510
2161520353461152 0.456886 0.068639 0.180664 0.868276
2161520493443517 0.461815 0.067201 0.188034 0.864206
2161520633426048 0.458399 0.062095 0.156982 0.872565
2161520773408513 0.462031 0.050053 0.126066 0.876429
2161520913392477 0.455176 0.049913 0.107333 0.882497
2161521053377107 0.458448 0.043637 0.115726 0.880072
2161521193361705 0.451238 0.045842 0.147711 0.878899
2161521333346236 0.440885 0.071439 0.166516 0.879084
2161521473329934 0.445349 0.078937 0.187466 0.871945
2161521613312267 0.457338 0.086024 0.196757 0.862976
2161521753294731 0.428606 0.076009 0.163901 0.885243
2161521893277229 0.420592 0.071982 0.141097 0.893315
2161522033260526 0.437415 0.064948 0.132440 0.887078
2161522173243789 0.454111 0.075683 0.149638 0.875021
2161522313226986 0.446365 0.085066 0.186648 0.871024
2161522453210217 0.428212 0.087263 0.207141 0.875277
2161522593192749 0.432846 0.086145 0.222299 0.869370
2161522733175181 0.448378 0.076026 0.197149 0.868509
2161522873157711 0.452977 0.054680 0.162272 0.874922
2161523013141010 0.442578 0.064071 0.137141 0.883861
2161523153125640 0.448412 0.063542 0.129710 0.882079
2161523293110203 0.457838 0.068817 0.159822 0.871839
2161523433094668 0.452332 0.073426 0.198359 0.866404
2161523573078932 0.434906 0.074440 0.213297 0.871676
2161523713061330 0.440284 0.071705 0.208284 0.870416
2161523853043761 0.435828 0.084741 0.184839 0.876759
2161523993026358 0.442537 0.080857 0.160124 0.878625
2161524133009355 0.437460 0.094657 0.153875 0.880903
2161524272992585 0.446786 0.095063 0.154907 0.875984
2161524412975750 0.452330 0.097573 0.186128 0.866736
2161524552958981 0.442127 0.085449 0.212827 0.867136
2161524692941812 0.443601 0.097749 0.232312 0.860054
2161524832924177 0.456703 0.108751 0.235843 0.850866
2161524972906741 0.445718 0.081452 0.202478 0.868160
2161525112989505 0.436428 0.079860 0.164520 0.880956
2161525253207570 0.440799 0.079457 0.142232 0.882696
2161525393425669 0.458581 0.071403 0.150378 0.872921
2161525533643801 0.441251 0.091036 0.181404 0.874129
2161525673828600 0.435001 0.091220 0.212435 0.870243
2161525813811465 0.441643 0.086352 0.227351 0.863600
2161525953793863 0.458368 0.090839 0.206157 0.859736
2161526093776393 0.457405 0.078409 0.167810 0.869753
2161526233759423 0.450183 0.071410 0.144376 0.878288
2161526373744053 0.453859 0.073078 0.132284 0.878164
2161526513728650 0.460661 0.079291 0.157213 0.869935
2161526653713182 0.448112 0.087438 0.180671 0.871153
2161526793697579 0.434073 0.086826 0.192539 0.875768
2161526933680045 0.433350 0.092346 0.195120 0.874989
2161527073662410 0.442134 0.081997 0.182013 0.874451
2161527213644974 0.460009 0.074479 0.144969 0.872827
2161527353627872 0.439512 0.092485 0.128526 0.884169
2161527493611102 0.428204 0.102703 0.144930 0.886051
2161527633594466 0.421095 0.105944 0.200596 0.878188
2161527773577630 0.416799 0.103520 0.239010 0.870882
2161527913560527 0.426107 0.111773 0.249664 0.862326
2161528053542826 0.444424 0.101588 0.241777 0.856569
2161528193525357 0.424594 0.079583 0.197208 0.880054
2161528333507988 0.418772 0.059291 0.147773 0.894023
2161528473492451 0.420099 0.063456 0.118023 0.897530
2161528613477182 0.432306 0.065330 0.121470 0.891116
2161528753461647 0.425512 0.076998 0.159086 0.887525
2161528893446244 0.416175 0.075424 0.179380 0.888218
2161529033429243 0.414743 0.082838 0.200953 0.883596
2161529173411575 0.433278 0.068892 0.199211 0.876263
2161529313394105 0.427549 0.069005 0.147772 0.889158
2161529453376836 0.427385 0.071925 0.108822 0.894609
2161529593359966 0.442845 0.073708 0.105287 0.887338
2161529733343230 0.442526 0.081822 0.133093 0.883041
2161529873326428 0.439511 0.092876 0.167182 0.877641
2161530013309658 0.431998 0.087961 0.201880 0.874576
2161530153292024 0.439791 0.089870 0.208095 0.869024
2161530293274455 0.449232 0.098961 0.187398 0.867916
2161530433256919 0.444375 0.072900 0.146307 0.880800
2161530573240916 0.433294 0.070141 0.112948 0.891391
2161530713225780 0.441209 0.054611 0.100360 0.890101
2161530853377211 0.432039 0.062777 0.133906 0.889646
2161530993595376 0.425697 0.067572 0.166312 0.886879
2161531134377624 0.431553 0.062563 0.183527 0.881002
2161531274593254 0.446683 0.062554 0.169958 0.876170
2161531414709118 0.429095 0.053473 0.118710 0.893826
2161531554691682 0.432580 0.040650 0.078157 0.897280
2161531694676113 0.439373 0.034721 0.062080 0.895483
2161531834660810 0.457772 0.055296 0.091604 0.882607
2161531974645275 0.451254 0.091541 0.160566 0.873045
2161532114629839 0.437701 0.100399 0.205028 0.869655
2161532254613005 0.437764 0.104682 0.222386 0.864840
2161532394595270 0.444331 0.081033 0.193835 0.870879
2161532534577800 0.434495 0.061795 0.148898 0.886129
2161532674560430 0.433728 0.054026 0.103667 0.893428
2161532814543694 0.442192 0.037492 0.085015 0.892094
2161532954526924 0.443439 0.054891 0.107310 0.888162
2161533094510088 0.449471 0.065562 0.134053 0.880741
2161533234493419 0.437378 0.062240 0.150989 0.884323
2161533374475784 0.445612 0.048221 0.132039 0.884121
2161533514458215 0.438974 0.043129 0.059922 0.895460
2161533654440812 0.423194 0.011888 -0.021502 0.905705
2161533794424543 0.427546 -0.011690 -0.086833 0.899737
2161533934409173 0.418957 -0.000329 -0.122142 0.899753
2161534074393737 0.421847 0.001247 -0.098341 0.901316
2161534214378235 0.423904 -0.028064 -0.101353 0.899580
2161534354362000 0.423351 -0.069015 -0.128711 0.894115
2161534494344299 0.416090 -0.093053 -0.174039 0.887648
2161534634326797 0.408198 -0.120089 -0.257651 0.867506
2161534774309327 0.389036 -0.147017 -0.348240 0.840098
2161534914292490 0.386664 -0.175358 -0.407533 0.808490
2161535054275720 0.385894 -0.182350 -0.438249 0.791056
2161535194259017 0.370605 -0.186121 -0.427590 0.803228
2161535334242281 0.369111 -0.197651 -0.416854 0.806797
2161535474224879 0.366688 -0.214208 -0.416533 0.803836
2161535614207245 0.369205 -0.233011 -0.434699 0.787672
2161535754189775 0.357060 -0.227405 -0.468657 0.775341
2161535894172938 0.355809 -0.264176 -0.510864 0.736632
2161536034157802 0.357202 -0.254877 -0.541708 0.716935
2161536174142800 0.363025 -0.274031 -0.518213 0.724275
2161536314127597 0.361647 -0.249657 -0.492906 0.750949
2161536454112061 0.373449 -0.247472 -0.462167 0.765306
2161536594094593 0.386975 -0.242909 -0.432788 0.777135
2161536734076991 0.384723 -0.264809 -0.445596 0.763746
2161536874059455 0.350659 -0.259465 -0.488632 0.755614
2161537014043053 0.352321 -0.258707 -0.519504 0.734203
2161537154027750 0.358870 -0.269907 -0.520774 0.726055
2161537294012347 0.381645 -0.286811 -0.495207 0.725847
2161537453994678 0.374034 -0.283374 -0.484331 0.738390
2161537593978342 0.383063 -0.281763 -0.467180 0.745395
2161537733960674 0.394120 -0.292297 -0.445196 0.749020
2161537873943105 0.382857 -0.273210 -0.475811 0.743222
2161538013925669 0.365115 -0.279892 -0.509155 0.727400
2161538153908899 0.371848 -0.280284 -0.520578 0.715658
2161538293892129 0.385889 -0.282978 -0.506180 0.717491
2161538433875326 0.379617 -0.266120 -0.490887 0.737631
2161538573858556 0.373023 -0.273233 -0.479645 0.745746
2161538713841188 0.379248 -0.281544 -0.472534 0.744052
2161538853823520 0.397081 -0.286622 -0.476442 0.730188
2161538993806117 0.385318 -0.287503 -0.499637 0.720578
2161539133789348 0.383140 -0.280993 -0.512959 0.714925
2161539273773945 0.389003 -0.302698 -0.510487 0.704593
2161539413758575 0.409932 -0.311610 -0.489240 0.703916
2161539553743074 0.404246 -0.297752 -0.463870 0.729898
2161539693727338 0.385798 -0.283242 -0.451671 0.752944
2161539833709737 0.386255 -0.279546 -0.450533 0.754771
2161539973692169 0.391053 -0.286419 -0.462969 0.742091
2161540113674699 0.386068 -0.299805 -0.494412 0.718765
2161540253657662 0.384649 -0.296356 -0.510779 0.709451
2161540393640892 0.380872 -0.293105 -0.522054 0.704616
2161540533624189 0.388187 -0.285106 -0.499599 0.720017
2161540673607386 0.396642 -0.271087 -0.469279 0.740920
2161540813590251 0.407988 -0.268240 -0.440027 0.753636
2161540953572550 0.423038 -0.281121 -0.428508 0.747254
2161541093555047 0.404706 -0.252564 -0.459418 0.749239
2161541233537811 0.400197 -0.262868 -0.485002 0.731789
2161541373522475 0.402580 -0.276547 -0.503573 0.712646
2161541513507405 0.402833 -0.281482 -0.499066 0.713740
2161541653492236 0.402212 -0.277016 -0.469788 0.735381
2161541793477067 0.386196 -0.263428 -0.457207 0.756584
2161541933459965 0.387728 -0.270058 -0.450013 0.757775
2161542073442330 0.391961 -0.295728 -0.454420 0.743244
2161542213424860 0.376117 -0.289823 -0.486941 0.733093
2161542353407858 0.380426 -0.281118 -0.504083 0.722598
2161542493392555 0.389843 -0.281932 -0.509696 0.713264
2161542633377152 0.400836 -0.287768 -0.493323 0.716346
2161542773361551 0.402765 -0.274179 -0.477976 0.730851
2161542913346015 0.393435 -0.271681 -0.479756 0.735684
2161543053328514 0.385024 -0.277963 -0.506361 0.719784
2161543193310912 0.393016 -0.288543 -0.533168 0.691383
2161543333293509 0.378239 -0.318037 -0.588601 0.639792
2161543473276473 0.353745 -0.333692 -0.646832 0.587469
2161543613259670 0.336097 -0.350925 -0.695276 0.529603
2161543753242933 0.325771 -0.370034 -0.715278 0.495301
2161543893226197 0.293384 -0.386856 -0.737089 0.470071
2161544033209128 0.253786 -0.400791 -0.772300 0.422504
2161544173191460 0.215744 -0.429055 -0.785436 0.390455
2161544313173990 0.188418 -0.463670 -0.798909 0.333544
2161544453156521 0.156313 -0.464929 -0.832769 0.256713
2161544593140952 0.134108 -0.458723 -0.856062 0.196839
2161544733125582 0.122697 -0.476495 -0.853094 0.173572
2161544873110181 0.137221 -0.480228 -0.844771 0.192124
2161545013094778 0.136760 -0.472314 -0.841707 0.223034
2161545153077776 0.125552 -0.455098 -0.849193 0.236625
2161545293060108 0.114411 -0.462967 -0.843682 0.246518
2161545433042539 0.109522 -0.463584 -0.851234 0.220213
2161545573025236 0.087043 -0.466220 -0.859570 0.190263
2161545713008466 0.079693 -0.475829 -0.860885 0.161591
2161545852991764 0.067700 -0.495753 -0.853058 0.148107
2161545992974928 0.059176 -0.503524 -0.845278 0.168717
2161546132958125 0.075040 -0.480905 -0.852577 0.190293
2161546272940424 0.081063 -0.482767 -0.847424 0.205512
2161546412922956 0.083260 -0.477186 -0.845981 0.222882
2161546552905453 0.079781 -0.470656 -0.855732 0.199598
2161546692889418 0.072738 -0.471271 -0.860153 0.180962
2161546832874348 0.094998 -0.489651 -0.850558 0.166632
2161546972859113 0.088371 -0.489640 -0.849389 0.176012
2161547112843977 0.074402 -0.467830 -0.855895 0.207463
2161547252827941 0.069823 -0.477295 -0.846097 0.226787
2161547392810307 0.053716 -0.480837 -0.836886 0.255990
2161547532792837 0.074253 -0.500899 -0.825907 0.247917
2161547672775334 0.077937 -0.480393 -0.845549 0.219532
2161547812759598 0.074221 -0.478089 -0.852529 0.197774
2161547952744228 0.059020 -0.491483 -0.850989 0.175433
2161548092728693 0.061650 -0.504961 -0.842120 0.179014
2161548232713224 0.059899 -0.481218 -0.853404 0.191159
2161548372696522 0.045133 -0.481764 -0.850373 0.206716
2161548512678821 0.038977 -0.486860 -0.843452 0.223685
2161548652661285 0.062249 -0.501413 -0.839528 0.199751
2161548792643950 0.058653 -0.482241 -0.856655 0.173621
2161548932627213 0.065000 -0.485909 -0.855442 0.166986
2161549072610443 0.047299 -0.505084 -0.846898 0.159421
2161549212593740 0.043262 -0.510582 -0.840961 0.173833
2161549352576970 0.051681 -0.508952 -0.837243 0.193183
2161549492559302 0.059369 -0.494946 -0.836684 0.226854
2161549632541766 0.064415 -0.502953 -0.833219 0.220530
2161549772524330 0.066337 -0.501884 -0.838773 0.200424
2161549912507960 0.079379 -0.494538 -0.845363 0.185717
2161550052492590 0.067664 -0.493658 -0.847012 0.185183
2161550192477221 0.063139 -0.500463 -0.845177 0.176706
2161550332461686 0.081686 -0.480809 -0.853344 0.184263
2161550472445650 0.086515 -0.478891 -0.852034 0.192912
2161550612428049 0.091184 -0.467255 -0.852059 0.217608
2161550752410514 0.091106 -0.484162 -0.845373 0.206471
2161550892393011 0.069373 -0.468419 -0.858392 0.197316
2161551032376175 0.065982 -0.485360 -0.855746 0.166643
2161551172359338 0.064454 -0.484618 -0.860981 0.140364
2161551312342535 0.074944 -0.489769 -0.856752 0.143121
2161551452325765 0.075664 -0.467725 -0.860375 0.187781
2161551592308396 0.087338 -0.456436 -0.860958 0.206851
2161551732290828 0.093424 -0.459241 -0.855377 0.220679
2161551871896057 0.087729 -0.468860 -0.851346 0.218362
2161552011879087 0.097356 -0.454132 -0.866972 0.180678
2161552151863885 0.095816 -0.444178 -0.875364 0.165113
2161552291848749 0.087467 -0.460133 -0.869230 0.158321
2161552431833513 0.102489 -0.457011 -0.865254 0.178802
2161552571818209 0.097396 -0.433913 -0.867432 0.223147
2161552711800875 0.105696 -0.429238 -0.862717 0.245561
2161552851783273 0.096688 -0.432898 -0.858296 0.258026
2161552991765770 0.089209 -0.445464 -0.860259 0.231421
2161553131749234 0.067885 -0.454705 -0.868038 0.187466
2161553271733964 0.062333 -0.445618 -0.877461 0.166133
2161553411718561 0.047052 -0.426173 -0.890185 0.154051
2161553551703059 0.068236 -0.436463 -0.876298 0.192207
2161553691687190 0.078754 -0.441987 -0.859784 0.243342
2161553831669522 0.084675 -0.430690 -0.860338 0.259139
2161553971651920 0.072498 -0.431873 -0.859566 0.263391
2161554111834417 0.053919 -0.428835 -0.876776 0.210846
2161554252050815 0.052396 -0.425658 -0.889140 0.159685
2161554392267379 0.059043 -0.429499 -0.890419 0.138552
2161554532483877 0.061010 -0.438762 -0.883720 0.151008
2161554672567175 0.072068 -0.433691 -0.878598 0.186500
2161554812549940 0.062831 -0.401459 -0.889394 0.209427
2161554952532272 0.063114 -0.409696 -0.884143 0.215536
2161555092514836 0.063074 -0.421622 -0.882120 0.200299
2161555232497701 0.057493 -0.412686 -0.893291 0.168563
2161555372482298 0.053586 -0.426232 -0.889888 0.153468
2161555512466928 0.047026 -0.440962 -0.882778 0.155055
2161555652451327 0.055034 -0.448159 -0.875569 0.171761
2161555792435791 0.078350 -0.433905 -0.877712 0.187636
2161555932418390 0.092587 -0.421001 -0.874210 0.223475
2161556072400722 0.077898 -0.430720 -0.872733 0.216213
2161556212383285 0.068034 -0.438767 -0.878467 0.176494
2161556352366248 0.066604 -0.432321 -0.887086 0.147445
2161556492349478 0.067155 -0.439340 -0.886730 0.127197
2161556632332708 0.073582 -0.449616 -0.880355 0.131930
2161556772315939 0.072306 -0.434074 -0.881803 0.169625
2161556912298970 0.077659 -0.435805 -0.878666 0.178854
2161557052281269 0.070374 -0.433727 -0.875731 0.200055
2161557192263833 0.070006 -0.446637 -0.868390 0.203743
2161557332246330 0.066225 -0.443896 -0.876917 0.172002
2161557472230794 0.059334 -0.456951 -0.876336 0.140390
2161557612215624 0.050056 -0.459690 -0.876231 0.135637
2161557752200421 0.046632 -0.462010 -0.874362 0.140930
2161557892185285 0.059387 -0.445187 -0.876496 0.173308
2161558032168683 0.062352 -0.431156 -0.871316 0.225885
2161558172151048 0.066969 -0.425671 -0.867403 0.248857
2161558312133578 0.071387 -0.431017 -0.870635 0.226100
2161558452116309 0.057936 -0.429627 -0.880804 0.190386
2161558592100806 0.057063 -0.440030 -0.882186 0.157685
2161558732085503 0.056330 -0.450633 -0.880362 0.136815
2161558872069935 0.061081 -0.454636 -0.873739 0.161722
2161559012054532 0.078071 -0.429087 -0.877463 0.199616
2161559152037297 0.092789 -0.423245 -0.874292 0.218781
2161559292019696 0.076758 -0.429861 -0.870021 0.228887
2161559432002226 0.075512 -0.421816 -0.877519 0.215239
2161559571984956 0.063505 -0.426859 -0.884313 0.178182
2161559711968253 0.065576 -0.440019 -0.884545 0.140217
2161559851951483 0.068645 -0.437843 -0.886092 0.135721
2161559991934646 0.064645 -0.423971 -0.886445 0.174021
2161560131917776 0.072726 -0.414173 -0.883576 0.206068
2161560271900208 0.070862 -0.438445 -0.869859 0.214681
2161560411882606 0.070440 -0.454688 -0.863263 0.207541
2161560551865070 0.063492 -0.432434 -0.880983 0.181209
2161560691849334 0.055886 -0.441976 -0.882912 0.148322
2161560831833965 0.061361 -0.448127 -0.882923 0.125949
2161560971818529 0.069424 -0.456303 -0.876496 0.136823
2161561111803060 0.079389 -0.450471 -0.871075 0.178886
2161561251786558 0.085102 -0.446120 -0.862986 0.221332
2161561391768790 0.094368 -0.458851 -0.848587 0.245865
2161561531751254 0.084741 -0.485370 -0.840234 0.226363
2161561671733984 0.069951 -0.484749 -0.851634 0.186661
2161561811717182 0.065315 -0.479404 -0.860041 0.161967
2161561951700412 0.062760 -0.481481 -0.862413 0.143104
2161562091683609 0.057619 -0.492353 -0.853037 0.163078
2161562231666739 0.074121 -0.475349 -0.853938 0.198338
2161562371649204 0.075911 -0.464203 -0.854420 0.220723
2161562511631569 0.086178 -0.468785 -0.850309 0.223129
2161562651614166 0.079600 -0.480765 -0.846661 0.213756
2161562791597698 0.063877 -0.466576 -0.863295 0.181514
2161562931582529 0.068363 -0.466579 -0.866244 0.165078
2161563071567459 0.067597 -0.478812 -0.859572 0.165237
2161563211552291 0.079058 -0.469333 -0.857941 0.193423
2161563351536588 0.079692 -0.456716 -0.859284 0.216075
2161563491518953 0.074241 -0.466405 -0.852735 0.223151
2161563631501518 0.075124 -0.463669 -0.853534 0.225488
2161563771483916 0.078736 -0.459725 -0.858143 0.214576
2161563911467847 0.069068 -0.457558 -0.867225 0.183817
2161564051452544 0.068065 -0.466824 -0.866387 0.163753
2161564191437075 0.068727 -0.468519 -0.864420 0.168947
2161564331421605 0.092349 -0.457891 -0.860551 0.203120
2161564471405269 0.091787 -0.451846 -0.858146 0.225820
2161564611387635 0.087059 -0.456631 -0.854803 0.230694
2161564751370066 0.090401 -0.467620 -0.849121 0.228364
2161564891352530 0.083273 -0.467563 -0.853236 0.215491
2161565031335760 0.077289 -0.466967 -0.860369 0.189029
2161565171318990 0.076717 -0.474018 -0.858285 0.181014
2161565311302187 0.082039 -0.489985 -0.845014 0.197824
2161565451285451 0.089090 -0.482047 -0.842088 0.224899
2161565591268050 0.085290 -0.467807 -0.845183 0.244021
2161565731250415 0.082265 -0.468645 -0.844884 0.244487
2161565871232912 0.083634 -0.481476 -0.839793 0.236500
2161566011216210 0.077750 -0.478118 -0.847058 0.218747
2161566151200840 0.076911 -0.467276 -0.856716 0.204384
2161566291185470 0.072763 -0.464294 -0.861902 0.190418
2161566431169968 0.073699 -0.476573 -0.852378 0.202232
2161566571154299 0.078612 -0.461128 -0.854382 0.226297
2161566711136664 0.070622 -0.451508 -0.856605 0.239539
2161566851119029 0.069411 -0.448755 -0.859339 0.235236
2161566991101526 0.061794 -0.455179 -0.860335 0.220942
2161567131084523 0.059585 -0.459577 -0.863844 0.197511
2161567271067753 0.063454 -0.454870 -0.871166 0.173594
2161567411051050 0.061939 -0.455535 -0.873690 0.159109
2161567551034314 0.060140 -0.467084 -0.868141 0.156671
2161567711014612 0.057453 -0.468676 -0.869939 0.142290
2161567850996944 0.023404 -0.461954 -0.882112 0.089042
2161567990979541 -0.000596 -0.455267 -0.889626 0.036010
2161568130962539 0.048999 0.457664 0.886486 0.047786
2161568270947336 0.083578 0.453369 0.873087 0.158711
2161568410932266 0.116232 0.426237 0.861032 0.251861
2161568550917030 0.131968 0.430033 0.836558 0.312771
2161568690901728 0.142047 0.429815 0.825316 0.337541
2161568830884360 0.177027 0.424118 0.810041 0.364166
2161568970866825 0.196165 0.398751 0.806951 0.389032
2161569110849322 0.216705 0.380136 0.798481 0.413476
2161569250832652 0.226065 0.373999 0.786372 0.436620
2161569390817315 0.245731 0.373563 0.764924 0.463634
2161569530801912 0.245615 0.361877 0.750970 0.494732
2161569670786410 0.264640 0.363019 0.732620 0.511321
2161569810770608 0.268729 0.374119 0.734072 0.498956
2161569950753006 0.255416 0.382182 0.745459 0.482690
2161570090735404 0.255105 0.365333 0.766056 0.463261
2161570230717901 0.248029 0.360130 0.773023 0.459590
2161570370700932 0.262644 0.373347 0.758034 0.465847
2161570510684162 0.273749 0.369102 0.739336 0.492144
2161570650667359 0.271734 0.350944 0.727017 0.523874
2161570790650589 0.285795 0.354384 0.722471 0.520354
2161570930633420 0.292318 0.367296 0.738853 0.483465
2161571070615752 0.274253 0.369210 0.755498 0.466573
2161571210598282 0.256317 0.353846 0.770175 0.464675
2161571350581046 0.263904 0.343641 0.775970 0.458403
2161571490565676 0.266209 0.350747 0.767176 0.466420
2161571630550306 0.282525 0.378430 0.742444 0.475127
2161571770534704 0.275014 0.395505 0.731708 0.482229
2161571910519368 0.272307 0.391648 0.735543 0.481078
2161572050502033 0.274506 0.386785 0.748638 0.463232
2161572190484332 0.276540 0.395219 0.752998 0.447572
2161572330466862 0.280997 0.403284 0.750477 0.441797
2161572470591126 0.283261 0.409522 0.749286 0.436605
2161572610574356 0.277128 0.401455 0.745288 0.454508
2161572750557586 0.270289 0.394189 0.744047 0.466852
2161572890540917 0.269243 0.403178 0.736614 0.471543
2161573030523981 0.271516 0.411182 0.734030 0.467340
2161573170506280 0.266895 0.397403 0.747310 0.460831
2161573310488844 0.261386 0.398660 0.761849 0.438556
2161573450471275 0.253124 0.398032 0.765073 0.438360
2161573590455606 0.276801 0.399310 0.754172 0.441764
2161573730440470 0.268584 0.387667 0.753515 0.458028
2161573870425200 0.259773 0.386496 0.751541 0.467251
2161574010410064 0.264344 0.395784 0.738195 0.478063
2161574150393595 0.276980 0.408712 0.738765 0.458761
2161574290375994 0.276278 0.406312 0.749855 0.443054
2161574430358524 0.263771 0.394842 0.759248 0.445045
2161574570341122 0.264072 0.397935 0.757838 0.444514
2161574710325585 0.271458 0.397987 0.753305 0.447713
2161574850310282 0.267737 0.389291 0.749810 0.463198
2161574990294714 0.255197 0.386251 0.752230 0.468864
2161575130279344 0.255569 0.392558 0.747335 0.471245
2161575270262310 0.259947 0.397849 0.751634 0.457371
2161575410244609 0.261023 0.397859 0.764097 0.435580
2161575550227139 0.263567 0.392752 0.769631 0.428888
2161575690209870 0.269481 0.397832 0.760865 0.436111
2161575830193167 0.281870 0.400316 0.748479 0.447297
2161575970176397 0.286517 0.395458 0.731739 0.475476
2161576110159594 0.280380 0.399417 0.722810 0.489282
2161576250142724 0.282462 0.393483 0.726483 0.487449
2161576390125056 0.280038 0.391879 0.736632 0.474743
2161576530107520 0.281830 0.390242 0.739886 0.469947
2161576670090018 0.292834 0.379277 0.733441 0.482141
2161576810074115 0.304496 0.371866 0.710566 0.513899
2161576950058745 0.313808 0.358780 0.670077 0.569032
2161577090043276 0.338495 0.328497 0.608087 0.638545
2161577230027774 0.359602 0.308666 0.547303 0.689833
2161577370011339 0.372343 0.300530 0.509774 0.714963
2161577509993638 0.371751 0.284775 0.506339 0.724101
2161577649976102 0.386598 0.265419 0.482947 0.739497
2161577789958700 0.403696 0.243617 0.448264 0.759432
2161577929941930 0.420195 0.222970 0.409469 0.778495
2161578069925127 0.427609 0.200288 0.374505 0.797985
2161578209908358 0.438180 0.160591 0.322281 0.823615
2161578349891655 0.454089 0.138303 0.261300 0.840474
2161578489874153 0.473369 0.131409 0.248631 0.834766
2161578629856585 0.470732 0.132235 0.243740 0.837564
2161578769839115 0.451475 0.121310 0.266909 0.842741
2161578909822479 0.449623 0.111121 0.269294 0.844376
2161579049807343 0.464330 0.114045 0.249491 0.842107
2161579189792273 0.460675 0.118661 0.228860 0.849306
2161579329777036 0.458188 0.109565 0.202307 0.858562
2161579469761433 0.466342 0.114797 0.185321 0.857322
2161579609743866 0.479483 0.113102 0.193165 0.848522
2161579749726330 0.478348 0.109343 0.215998 0.844139
2161579889708794 0.456893 0.106873 0.236936 0.850698
2161580029692658 0.453291 0.099208 0.229781 0.855502
2161580169677388 0.475798 0.091683 0.211243 0.848873
2161580309661919 0.479716 0.090518 0.185100 0.852886
2161580449646450 0.478455 0.090652 0.168919 0.856929
2161580589630148 0.499820 0.095359 0.153264 0.847110
2161580729612447 0.515605 0.091262 0.154691 0.837790
2161580869594911 0.506284 0.086693 0.173774 0.840216
2161581009577408 0.496418 0.079609 0.176755 0.846161
2161581149560638 0.503954 0.088103 0.183826 0.839330
2161581289543901 0.510209 0.097914 0.178845 0.835531
2161581429527065 0.497333 0.090635 0.173116 0.845266
2161581569510295 0.495913 0.096280 0.163448 0.847398
2161581709492960 0.491966 0.085937 0.171137 0.849291
2161581849475325 0.474765 0.093493 0.201781 0.851551
2161581989457855 0.473747 0.095871 0.216044 0.848349
2161582129441086 0.486284 0.094532 0.216851 0.841169
2161582269425716 0.512989 0.099033 0.211364 0.826050
2161582409410346 0.496117 0.088165 0.191510 0.842269
2161582549394778 0.495876 0.090198 0.188178 0.842947
2161582689379142 0.500822 0.097492 0.185671 0.839760
2161582829361608 0.508940 0.104108 0.206636 0.829121
2161582969344006 0.502692 0.111765 0.223992 0.827427
2161583109326536 0.488699 0.105779 0.234693 0.833608
2161583249309499 0.496498 0.103680 0.230026 0.830558
2161583389292729 0.509439 0.105013 0.220409 0.825144
2161583529275993 0.506399 0.098724 0.202187 0.832425
2161583669259257 0.488036 0.105481 0.193780 0.844478
2161583809242121 0.491805 0.111731 0.191406 0.842025
2161583949224420 0.499912 0.121126 0.218401 0.829287
2161584089206917 0.506542 0.125980 0.240318 0.818407
2161584229189648 0.482146 0.118258 0.249167 0.831543
2161584369174279 0.483580 0.120233 0.245784 0.831434
2161584509159209 0.500904 0.121824 0.234460 0.824185
2161584649143973 0.501069 0.108314 0.221898 0.829432
2161584789128837 0.494870 0.117192 0.206164 0.835981
2161584929111768 0.495206 0.122688 0.204899 0.835305
2161585069094200 0.498558 0.130180 0.219667 0.828395
2161585209076730 0.496172 0.118662 0.233480 0.827779
2161585349059695 0.494449 0.108324 0.236550 0.829355
2161585489044392 0.496633 0.114262 0.237080 0.827098
2161585629029022 0.504625 0.112403 0.215653 0.828379
2161585769013454 0.497228 0.110321 0.188512 0.839676
2161585908997918 0.493802 0.108734 0.182517 0.843221
2161586048980483 0.507909 0.109047 0.183893 0.834457
2161586188962848 0.500843 0.112308 0.195150 0.835738
2161586328945378 0.504406 0.121117 0.215220 0.827396
2161586468928208 0.498697 0.116095 0.216572 0.831215
2161586608911438 0.508052 0.112626 0.210409 0.827602
2161586748894668 0.505013 0.105427 0.195334 0.834080
2161586888877865 0.495488 0.098066 0.174491 0.845238
2161587028860930 0.500781 0.094805 0.171631 0.843073
2161587168843229 0.505680 0.088143 0.174096 0.840362
2161587308825726 0.501839 0.084330 0.187992 0.840062
2161587448808290 0.494284 0.087198 0.174720 0.847084
2161587588792687 0.493003 0.087251 0.148403 0.852825
2161587728777317 0.489609 0.088244 0.117288 0.859499
2161587868761815 0.489114 0.053879 0.045825 0.869346
2161588008746446 0.478250 0.008031 -0.046695 0.876944
2161588148729478 0.478018 -0.026555 -0.122759 0.869323
2161588288711777 0.486246 -0.054141 -0.175824 0.854235
2161588428694274 0.471988 -0.077937 -0.205887 0.853676
2161588568677004 0.455610 -0.103397 -0.237074 0.851776
2161588708660234 0.449230 -0.128688 -0.270250 0.841781
2161588848643531 0.457160 -0.149880 -0.303037 0.822622
2161588988626795 0.451840 -0.164227 -0.340683 0.807963
2161589128609992 0.434228 -0.182513 -0.388361 0.792028
2161589268592358 0.429323 -0.210238 -0.429065 0.766410
2161589408574856 0.425794 -0.234972 -0.436710 0.756816
2161589548557353 0.435694 -0.232020 -0.416857 0.763260
2161589688541283 0.428438 -0.229872 -0.403547 0.775079
2161589828526147 0.435117 -0.245665 -0.398860 0.768915
2161589968510944 0.446712 -0.259791 -0.400657 0.756590
2161590108495775 0.434628 -0.263838 -0.427331 0.747579
2161590248479739 0.417488 -0.261416 -0.459272 0.739211
2161590388462105 0.415507 -0.263554 -0.473190 0.730741
2161590528444602 0.424963 -0.276945 -0.458268 0.729860
2161590668427066 0.420301 -0.261740 -0.434863 0.752152
2161590808411330 0.403494 -0.251885 -0.424722 0.770296
2161590948396027 0.415108 -0.254401 -0.412071 0.770170
2161591088380525 0.427546 -0.286977 -0.407636 0.754108
2161591228365089 0.424258 -0.290770 -0.427909 0.743202
2161591368348454 0.426966 -0.282728 -0.445865 0.734144
2161591508330686 0.444109 -0.285640 -0.447589 0.721692
2161591648313183 0.448133 -0.292986 -0.428409 0.727873
2161591788295780 0.443756 -0.279546 -0.424456 0.738085
2161591928279077 0.440175 -0.267450 -0.420593 0.746871
2161592068262307 0.443630 -0.267053 -0.405011 0.753552
2161592208245504 0.448125 -0.276353 -0.410485 0.744523
2161592348228835 0.420200 -0.263087 -0.440339 0.748543
2161592488211201 0.423437 -0.272491 -0.457526 0.732883
2161592628193632 0.419026 -0.284012 -0.459588 0.729747
2161592768176162 0.411413 -0.275693 -0.440456 0.748819
2161592908159794 0.412363 -0.251232 -0.430775 0.762411
2161593048144424 0.415881 -0.248345 -0.418568 0.768224
2161593188267517 0.425827 -0.259086 -0.406180 0.765874
2161593328252015 0.412608 -0.247011 -0.434299 0.761658
2161593468236012 0.414002 -0.256187 -0.466028 0.738773
2161593608218311 0.415617 -0.276052 -0.484385 0.718629
2161593748200776 0.426657 -0.280478 -0.475232 0.716554
2161593888183340 0.414764 -0.273697 -0.454240 0.739408
2161594028166437 0.407449 -0.246895 -0.448416 0.756273
2161594168149667 0.411101 -0.258534 -0.436461 0.757401
2161594308132897 0.426925 -0.276923 -0.445644 0.736510
2161594448116127 0.413490 -0.273448 -0.466209 0.732734
2161594588098792 0.411507 -0.268423 -0.479031 0.727419
2161594728081191 0.409242 -0.263710 -0.480980 0.729132
2161594868063754 0.413567 -0.253982 -0.456608 0.745629
2161595008046719 0.410528 -0.254291 -0.439354 0.757476
2161595148031517 0.398648 -0.273239 -0.434949 0.759762
2161595288016447 0.411933 -0.266167 -0.424897 0.760873
2161595428001177 0.410386 -0.272132 -0.437999 0.752119
2161595567985874 0.406732 -0.274730 -0.459301 0.740360
2161595707968573 0.413957 -0.264309 -0.469039 0.734017
2161595847951004 0.418699 -0.268816 -0.467023 0.730969
2161595987933501 0.415253 -0.262559 -0.446310 0.747953
2161596127916865 0.423009 -0.256448 -0.425573 0.757749
2161596267901562 0.421342 -0.262572 -0.420343 0.759497
2161596407886159 0.417900 -0.265448 -0.428401 0.755889
2161596547870657 0.417342 -0.275303 -0.447314 0.741581
2161596687854821 0.407758 -0.287267 -0.495698 0.710980
2161596827837186 0.408629 -0.285300 -0.523285 0.691229
2161596967819551 0.413884 -0.283197 -0.533792 0.680854
2161597107802048 0.417193 -0.275077 -0.522904 0.690545
2161597247785146 0.400858 -0.289786 -0.543575 0.678131
2161597387768410 0.381925 -0.309758 -0.578234 0.651020
2161597527751641 0.368477 -0.335815 -0.619258 0.606605
2161597667734871 0.349410 -0.383423 -0.666222 0.535766
2161597807717668 0.285258 -0.408533 -0.741891 0.448691
2161597947700000 0.228105 -0.429634 -0.790637 0.371853
2161598087682497 0.201216 -0.452437 -0.809068 0.316576
2161598227665328 0.180231 -0.439679 -0.822562 0.312392
2161598367649925 0.154853 -0.444700 -0.830779 0.296759
2161598507634489 0.138271 -0.461291 -0.832025 0.275363
2161598647618954 0.127766 -0.468488 -0.834192 0.261375
2161598787603618 0.125277 -0.467025 -0.841256 0.241825
2161598927586283 0.097251 -0.466616 -0.853489 0.210634
2161599067568615 0.112678 -0.471409 -0.852528 0.195630
2161599207551179 0.101150 -0.480764 -0.849772 0.191104
2161599347534010 0.102909 -0.479039 -0.846594 0.207866
2161599487517240 0.111795 -0.465537 -0.848331 0.226075
2161599627500537 0.102283 -0.463266 -0.847830 0.236866
2161599767483734 0.104923 -0.479261 -0.839133 0.234849
2161599907466764 0.101706 -0.491907 -0.837158 0.216446
2161600047449096 0.089395 -0.480665 -0.853222 0.181607
2161600187431560 0.091466 -0.488274 -0.852791 0.161149
2161600327414057 0.081626 -0.500312 -0.846666 0.161805
2161600467398388 0.084001 -0.490134 -0.846790 0.188832
2161600607383285 0.092782 -0.476246 -0.848215 0.212395
2161600747368049 0.101681 -0.478791 -0.840078 0.233854
2161600887352947 0.111037 -0.488723 -0.831311 0.240294
2161601027336478 0.112692 -0.481601 -0.841769 0.216296
2161601167318810 0.100921 -0.466965 -0.858149 0.187985
2161601307301407 0.095871 -0.477396 -0.855567 0.175799
2161601447284072 0.099418 -0.491476 -0.843161 0.194025
2161601587268602 0.104225 -0.476284 -0.844668 0.220963
2161601727253232 0.111040 -0.468397 -0.843087 0.239743
2161601867237630 0.119881 -0.469113 -0.836538 0.256446
2161602007222260 0.121121 -0.491122 -0.826166 0.248148
2161602147205126 0.116584 -0.483752 -0.839183 0.219460
2161602287187458 0.114655 -0.473747 -0.851202 0.194604
2161602427170022 0.113035 -0.480453 -0.851425 0.177373
2161602567152786 0.125504 -0.489044 -0.839491 0.200842
2161602707136016 0.125894 -0.486463 -0.833409 0.230070
2161602847119246 0.124443 -0.474888 -0.834984 0.248587
2161602987102376 0.130111 -0.476409 -0.828613 0.263636
2161603127085573 0.122690 -0.487639 -0.829355 0.243564
2161603267067872 0.107457 -0.475558 -0.848634 0.205222
2161603407050336 0.114780 -0.471193 -0.855646 0.180752
2161603547032800 0.096751 -0.490375 -0.849399 0.169386
2161603687016830 0.106071 -0.488992 -0.843429 0.195606
2161603827001460 0.111963 -0.477097 -0.844983 0.214115
2161603966985991 0.111404 -0.472459 -0.844096 0.227752
2161604106970589 0.104122 -0.475075 -0.838766 0.244813
2161604246954154 0.098833 -0.482140 -0.842495 0.219029
2161604386936453 0.096376 -0.473909 -0.851141 0.204154
2161604526918984 0.103482 -0.481348 -0.848433 0.194308
2161604666901548 0.109822 -0.492027 -0.839124 0.204249
2161604806884778 0.105809 -0.475412 -0.842140 0.231489
2161604946868175 0.113345 -0.466774 -0.838707 0.256602
2161605086851339 0.115940 -0.470630 -0.830766 0.273662
2161605226834569 0.120159 -0.488065 -0.821449 0.269397
2161605366817034 0.105415 -0.473166 -0.841597 0.238149
2161605506799433 0.113932 -0.462406 -0.853655 0.210885
2161605646781897 0.120733 -0.463074 -0.852700 0.209490
2161605786765328 0.131475 -0.472862 -0.839101 0.234572
2161605926750258 0.127448 -0.463571 -0.839607 0.252817
2161606066735122 0.123393 -0.459652 -0.837105 0.269716
2161606206719886 0.132693 -0.467211 -0.826160 0.285596
2161606346704316 0.130659 -0.483057 -0.823851 0.266180
2161606486686815 0.111203 -0.476133 -0.841600 0.229433
2161606626669279 0.111766 -0.461747 -0.856187 0.203078
2161606766651743 0.112871 -0.459547 -0.862316 0.180241
2161606906635607 0.113481 -0.477752 -0.847103 0.203200
2161607046620237 0.118220 -0.470066 -0.843376 0.231900
2161607186604768 0.125040 -0.451179 -0.847004 0.251763
2161607326589299 0.116512 -0.454434 -0.841405 0.268237
2161607466573097 0.101118 -0.460184 -0.848526 0.240849
2161607606722028 0.090672 -0.469040 -0.854864 0.202449
2161607746937825 0.088708 -0.470278 -0.858949 0.182140
2161607887153655 0.086540 -0.470444 -0.860512 0.175245
2161608027370053 0.076721 -0.456591 -0.861553 0.208239
2161608167486616 0.085994 -0.446032 -0.859475 0.234439
2161608307469813 0.092434 -0.447759 -0.858007 0.234075
2161608447453043 0.092327 -0.468493 -0.850919 0.218917
2161608587435709 0.094246 -0.452867 -0.865857 0.190576
2161608727418074 0.088860 -0.446746 -0.873133 0.173663
2161608867400637 0.094062 -0.466357 -0.865537 0.156551
2161609007383868 0.106462 -0.478624 -0.856222 0.162688
2161609147368565 0.117258 -0.456669 -0.857830 0.204526
2161609287353195 0.108350 -0.424603 -0.867765 0.234425
2161609427337593 0.108565 -0.449967 -0.854037 0.237407
2161609567321924 0.102004 -0.490750 -0.834893 0.227401
2161609707304323 0.110662 -0.489761 -0.838341 0.212297
2161609847286688 0.124248 -0.494260 -0.835863 0.203964
2161609987269218 0.120534 -0.510273 -0.828151 0.198135
2161610127252248 0.125724 -0.515616 -0.822989 0.202537
2161610267235478 0.132520 -0.501905 -0.825944 0.219875
2161610407218741 0.135667 -0.504548 -0.821912 0.226904
2161610547201938 0.135049 -0.512305 -0.817988 0.224052
2161610687184803 0.134272 -0.507443 -0.825875 0.205919
2161610827167135 0.107251 -0.504541 -0.834110 0.195433
2161610967149632 0.097302 -0.496530 -0.840822 0.192375
2161611107132397 0.107378 -0.490706 -0.844084 0.187611
2161611247117061 0.105826 -0.471081 -0.849080 0.214348
2161611387101991 0.109952 -0.477378 -0.841077 0.229365
2161611527086755 0.118672 -0.473376 -0.840450 0.235528
2161611667071619 0.097872 -0.482634 -0.838482 0.233306
2161611807054583 0.099890 -0.468714 -0.853122 0.206182
2161611947036914 0.095918 -0.466110 -0.859947 0.184474
2161612087019478 0.095239 -0.468286 -0.861774 0.170238
2161612227002410 0.109958 -0.474965 -0.852575 0.188235
2161612366987041 0.117866 -0.459015 -0.853077 0.218335
2161612506971638 0.117046 -0.464523 -0.845524 0.235810
2161612646956137 0.127746 -0.477086 -0.833084 0.249076
2161612786940601 0.118515 -0.487711 -0.832946 0.233007
2161612926923166 0.126737 -0.478223 -0.842713 0.212305
2161613066905564 0.122609 -0.482017 -0.844118 0.200225
2161613206888094 0.132479 -0.487758 -0.840778 0.193992
2161613346870991 0.131856 -0.490012 -0.835064 0.212529
2161613486854288 0.140155 -0.486431 -0.830184 0.233526
2161613626837518 0.128968 -0.486569 -0.829512 0.241922
2161613766820715 0.138079 -0.489912 -0.827043 0.238575
2161613906898823 0.127510 -0.484998 -0.834816 0.227153
2161614046881122 0.123581 -0.478546 -0.845354 0.202721
2161614186863619 0.119405 -0.482644 -0.847135 0.187507
2161614326846183 0.116005 -0.487812 -0.845990 0.181332
2161614466830714 0.116104 -0.492007 -0.838774 0.202251
2161614606815344 0.120769 -0.485655 -0.838676 0.214884
2161614746799842 0.124822 -0.484263 -0.833776 0.233933
2161614886784472 0.128998 -0.489899 -0.828369 0.239085
2161615026767437 0.117836 -0.489811 -0.835746 0.218466
2161615166749736 0.100609 -0.488081 -0.845111 0.193496
2161615306732233 0.098256 -0.495204 -0.846083 0.171056
2161615446714964 0.089087 -0.503390 -0.842627 0.169232
2161615586698161 0.096560 -0.487507 -0.846082 0.192760
2161615726681391 0.095629 -0.479678 -0.846294 0.211065
2161615866664588 0.096008 -0.482472 -0.841708 0.222553
2161616006647852 0.109016 -0.492229 -0.838305 0.207529
2161616146630184 0.111855 -0.496937 -0.840960 0.182556
2161616286612615 0.099359 -0.486982 -0.851924 0.164924
2161616426595179 0.093085 -0.492913 -0.850848 0.156293
2161616566579143 0.105673 -0.515760 -0.830983 0.179695
2161616706564007 0.117777 -0.505515 -0.827670 0.213412
2161616846548805 0.124767 -0.489829 -0.830536 0.233899
2161616986533701 0.121193 -0.497137 -0.823710 0.244270
2161617126517633 0.139115 -0.510003 -0.815603 0.235234
2161617266499932 0.139211 -0.502707 -0.824764 0.218330
2161617406482462 0.136936 -0.496314 -0.829371 0.216939
2161617546464893 0.129250 -0.489391 -0.834016 0.219558
2161617686449156 0.125143 -0.489719 -0.832450 0.227024
2161617826433786 0.125227 -0.481109 -0.834523 0.237533
2161617966418351 0.129990 -0.481719 -0.829307 0.251591
2161618106402948 0.139295 -0.499957 -0.816599 0.252595
2161618246386246 0.131226 -0.503602 -0.821215 0.234028
2161618386368645 0.131291 -0.496685 -0.828815 0.221656
2161618526351109 0.135281 -0.506399 -0.825147 0.210689
2161618666333707 0.128879 -0.524702 -0.813095 0.216688
2161618806317004 0.132632 -0.518283 -0.809749 0.241032
2161618946300234 0.133329 -0.502934 -0.813022 0.261294
2161619086283398 0.134938 -0.507081 -0.811083 0.258466
2161619226266628 0.128767 -0.509253 -0.810103 0.260405
2161619366249093 0.126495 -0.508182 -0.817468 0.239781
2161619506231557 0.120505 -0.502597 -0.826164 0.224336
2161619646214054 0.116328 -0.507022 -0.827405 0.211649
2161619786197785 0.117585 -0.513949 -0.821139 0.218539
2161619926182382 0.120316 -0.506841 -0.819258 0.239689
2161620066166947 0.121515 -0.506261 -0.819851 0.238279
2161620206151445 0.116181 -0.507541 -0.827235 0.211150
2161620346135443 0.096291 -0.515812 -0.834798 0.166665
2161620486117742 0.057885 -0.508582 -0.853730 0.095586
2161620626100106 0.019998 -0.502542 -0.864321 0.000800
2161620766082603 0.014696 0.508519 0.857043 0.081656
2161620906065733 0.032485 0.516915 0.845921 0.127123
2161621046048963 0.054756 0.507638 0.846388 0.151430
2161621186032160 0.085558 0.496823 0.840677 0.197756
2161621326015457 0.119115 0.490578 0.830774 0.234431
2161621465998122 0.147285 0.492345 0.813587 0.271989
2161621605980454 0.166931 0.477885 0.803313 0.313763
2161621745962984 0.196351 0.468285 0.783429 0.358320
2161621885946015 0.224272 0.463959 0.763869 0.388517
2161622025930813 0.227966 0.472363 0.758491 0.386774
2161622165915677 0.226025 0.465731 0.767739 0.377601
2161622305900507 0.229192 0.452604 0.777165 0.372334
2161622445885204 0.243805 0.449616 0.773381 0.374547
2161622585867803 0.273153 0.448254 0.756478 0.390122
2161622725850234 0.276301 0.444499 0.745849 0.412052
2161622865832798 0.269560 0.439880 0.733256 0.442919
2161623005816162 0.272439 0.443255 0.728689 0.445322
2161623145800859 0.282200 0.455264 0.730566 0.423521
2161623285785490 0.268160 0.456893 0.745133 0.405109
2161623425769988 0.259516 0.443174 0.760597 0.397163
2161623565754152 0.256155 0.444259 0.764507 0.390572
2161623705736585 0.262712 0.454652 0.755870 0.391066
2161623845718983 0.271498 0.447104 0.752673 0.399836
2161623985701480 0.270130 0.443494 0.746144 0.416666
2161624125684544 0.275194 0.443680 0.737094 0.429077
2161624265667774 0.279576 0.457232 0.736768 0.412246
2161624405650971 0.268959 0.454648 0.747656 0.402448
2161624545634201 0.263026 0.442335 0.760648 0.395690
2161624685616999 0.264923 0.444603 0.767105 0.379067
2161624825599331 0.267874 0.452844 0.761218 0.379105
2161624965581861 0.272548 0.437455 0.752673 0.409673
2161625105564692 0.255552 0.433762 0.749249 0.430312
2161625245549255 0.258763 0.433571 0.751581 0.424479
2161625385533885 0.261979 0.446748 0.749486 0.412373
2161625525518317 0.248573 0.438998 0.761680 0.406613
2161625665702914 0.250868 0.428473 0.765946 0.408412
2161625805918777 0.253072 0.435537 0.765502 0.400333
2161625946134441 0.250385 0.445782 0.754480 0.411513
2161626086350339 0.264233 0.422756 0.753532 0.428539
2161626226433203 0.260379 0.410621 0.747530 0.452538
2161626366416500 0.258586 0.423779 0.742601 0.449541
2161626506399797 0.261908 0.437979 0.750036 0.420741
2161626646382928 0.270567 0.428139 0.752862 0.420341
2161626786365992 0.270282 0.423081 0.756725 0.418708
2161626926348291 0.272385 0.435085 0.753132 0.411458
2161627066330755 0.288602 0.446482 0.736902 0.417536
2161627206313252 0.284337 0.435487 0.734110 0.436559
2161627346297716 0.278682 0.434348 0.730244 0.447683
2161627486282580 0.275054 0.438217 0.726486 0.452248
2161627626267344 0.273848 0.442631 0.734541 0.435353
2161627766252208 0.268231 0.434869 0.745573 0.427855
2161627906235672 0.277586 0.427083 0.747312 0.426695
2161628046218004 0.277886 0.434143 0.741685 0.429186
2161628186200534 0.282193 0.434663 0.734229 0.438568
2161628326183332 0.279821 0.429980 0.731105 0.449778
2161628466167895 0.273516 0.433888 0.725079 0.459552
2161628606152559 0.269407 0.442625 0.728540 0.448029
2161628746136991 0.269481 0.445259 0.742793 0.421167
2161628886121621 0.258400 0.438313 0.755976 0.411836
2161629026104287 0.260147 0.440852 0.756604 0.406842
2161629166086585 0.264387 0.440933 0.755429 0.406206
2161629306069182 0.272175 0.441740 0.748710 0.412575
2161629446051912 0.266319 0.433059 0.748351 0.426032
2161629586035142 0.256664 0.441561 0.745708 0.427862
2161629726018372 0.251116 0.446185 0.752217 0.414763
2161629866001603 0.248622 0.447988 0.764887 0.390435
2161630005984734 0.244856 0.455354 0.772577 0.368539
2161630145967033 0.246539 0.450244 0.780924 0.355887
2161630285949564 0.249166 0.451863 0.775141 0.364542
2161630425932061 0.260695 0.462756 0.749123 0.395864
2161630565916258 0.281132 0.438663 0.722111 0.455075
2161630705900888 0.301710 0.412226 0.687937 0.515541
2161630845885486 0.326090 0.395767 0.642001 0.569970
2161630985870017 0.354933 0.378332 0.597430 0.611525
2161631125853382 0.384052 0.344140 0.548877 0.657879
2161631265835681 0.405645 0.295327 0.504297 0.702792
2161631405818178 0.419964 0.263201 0.462169 0.735359
2161631545800741 0.447325 0.240040 0.409185 0.758187
2161631685784038 0.463413 0.208470 0.363212 0.780938
2161631825767335 0.461214 0.183420 0.315159 0.808896
2161631965750565 0.478150 0.161535 0.273708 0.818756
2161632105733762 0.487917 0.150706 0.259086 0.819815
2161632245716227 0.491830 0.142437 0.264220 0.817313
2161632385698592 0.483224 0.136055 0.271095 0.821273
2161632525681122 0.489101 0.134843 0.262265 0.820861
2161632665497986 0.503035 0.136342 0.257046 0.813813
2161632805482850 0.503108 0.124026 0.244554 0.819568
2161632945467714 0.486825 0.119124 0.230817 0.833986
2161633085452512 0.491419 0.127119 0.235936 0.828662
2161633225603542 0.507306 0.131497 0.238174 0.817692
2161633365585941 0.506830 0.129337 0.248603 0.815224
2161633505568405 0.486388 0.133955 0.261856 0.822747
2161633645550903 0.491989 0.136255 0.265353 0.817905
2161633785534834 0.517328 0.140870 0.254463 0.804844
2161633925519464 0.511165 0.135747 0.232747 0.816156
2161634065503995 0.495736 0.136330 0.216909 0.829824
2161634205488593 0.498291 0.139166 0.210476 0.829480
2161634345472257 0.510855 0.141527 0.218935 0.819184
2161634485454556 0.508728 0.135544 0.241143 0.815274
2161634625437020 0.506360 0.135199 0.246933 0.815073
2161634765419517 0.507302 0.133036 0.249285 0.814126
2161634905402713 0.509427 0.139808 0.238798 0.814808
2161635045385976 0.498798 0.128122 0.213263 0.830243
2161635185369240 0.500918 0.119229 0.193619 0.835090
2161635325352470 0.504610 0.116899 0.193145 0.833305
2161635465335036 0.497202 0.118599 0.214736 0.832233
2161635605417368 0.491452 0.116036 0.234665 0.830627
2161635745633166 0.493495 0.120171 0.237436 0.828037
2161635886602077 0.509017 0.115835 0.234605 0.820026
2161636026820041 0.499985 0.112629 0.217700 0.830623
2161636167004671 0.489487 0.108296 0.204543 0.840735
2161636306989170 0.498303 0.112197 0.195019 0.837300
2161636446973467 0.510596 0.115488 0.219703 0.823215
2161636586955832 0.513233 0.117485 0.230865 0.818223
2161636726938197 0.506874 0.118828 0.243853 0.818226
2161636866920828 0.504539 0.125951 0.249033 0.817042
2161637006903758 0.516302 0.131753 0.238922 0.811781
2161637146886988 0.507644 0.119948 0.225576 0.822815
2161637286870285 0.495436 0.129585 0.217870 0.830832
2161637426853482 0.501673 0.130948 0.217313 0.827013
2161637566836314 0.511910 0.138135 0.237875 0.813806
2161637706818613 0.509215 0.139098 0.249211 0.811939
2161637846801210 0.496696 0.135028 0.260888 0.816698
2161637986784008 0.497675 0.132997 0.266541 0.814608
2161638126768705 0.505751 0.124058 0.247532 0.817038
2161638266753569 0.498439 0.121152 0.230319 0.826941
2161638406738367 0.500961 0.123563 0.211678 0.830037
2161638546723165 0.513492 0.124520 0.209223 0.822827
2161638686706030 0.516691 0.125751 0.225858 0.816213
2161638826688462 0.503312 0.128817 0.244827 0.818622
2161638966670959 0.504388 0.126750 0.250465 0.816574
2161639106653923 0.512910 0.129635 0.257126 0.808704
2161639246638553 0.505304 0.123392 0.245846 0.817924
2161639386623183 0.494376 0.117483 0.228677 0.830359
2161639526607648 0.501423 0.123707 0.213709 0.829216
2161639666592112 0.511055 0.134536 0.231125 0.816886
2161639806574644 0.517446 0.139959 0.251922 0.805726
2161639946557009 0.508749 0.138682 0.264393 0.807488
2161640086539539 0.517041 0.137253 0.261027 0.803550
2161640226522470 0.533506 0.143824 0.250394 0.794976
2161640366505801 0.522349 0.121582 0.223979 0.813757
2161640506489064 0.500934 0.125600 0.209051 0.830413
2161640646472295 0.499782 0.130227 0.203743 0.831713
2161640786455226 0.518623 0.146679 0.226959 0.811174
2161640926437558 0.527769 0.146224 0.244985 0.800037
2161641066420055 0.510763 0.129492 0.254159 0.811021
2161641206402719 0.511703 0.125263 0.252651 0.811564
2161641346387183 0.518932 0.122875 0.238290 0.811682
2161641486371780 0.507658 0.105299 0.212938 0.828161
2161641626356212 0.502284 0.114981 0.204398 0.832292
2161641766340809 0.500614 0.130992 0.203358 0.831186
2161641906323774 0.498163 0.128919 0.227579 0.826692
2161642046306106 0.496544 0.137011 0.237464 0.823578
2161642186288670 0.499241 0.120857 0.234579 0.825302
2161642326271367 0.500481 0.117073 0.219465 0.829245
2161642466254597 0.510747 0.103830 0.175060 0.835290
2161642606237794 0.506794 0.072585 0.109007 0.852061
2161642746220991 0.499439 0.050970 0.037243 0.864045
2161642886204188 0.501178 0.036149 -0.011774 0.864508
2161643026186487 0.505076 0.021198 -0.024899 0.862454
2161643166168985 0.503603 -0.020841 -0.069170 0.860909
2161643306151482 0.498848 -0.059549 -0.120221 0.856242
2161643446135480 0.492829 -0.086754 -0.170485 0.848839
2161643586120344 0.493126 -0.115541 -0.240252 0.828103
2161643726105207 0.464335 -0.156816 -0.311843 0.813974
2161643866090037 0.456884 -0.195900 -0.371709 0.784035
2161644006073968 0.456445 -0.217013 -0.404378 0.762260
2161644146056334 0.454053 -0.215812 -0.400957 0.765828
2161644286038864 0.443133 -0.224918 -0.402208 0.768942
2161644426021295 0.437270 -0.234415 -0.404500 0.768260
2161644566005592 0.441028 -0.249052 -0.410121 0.758463
2161644705990289 0.441876 -0.259461 -0.427977 0.744486
2161644845974754 0.422100 -0.264558 -0.457765 0.736403
2161644985959385 0.422487 -0.268471 -0.479213 0.720958
2161645125942617 0.425414 -0.277351 -0.476717 0.717523
2161645265924916 0.422508 -0.265394 -0.455981 0.736975
2161645405907413 0.419074 -0.256228 -0.436078 0.754028
2161645545890044 0.423395 -0.260978 -0.418268 0.760051
2161645685873341 0.429417 -0.262030 -0.414212 0.758530
2161645825856571 0.428989 -0.260398 -0.445287 0.741538
2161645965839768 0.398495 -0.254395 -0.476389 0.741307
2161646105822998 0.400162 -0.269652 -0.487492 0.727673
2161646245805363 0.412895 -0.274962 -0.474558 0.727122
2161646385787827 0.411950 -0.252248 -0.445656 0.753696
2161646525770391 0.392582 -0.235646 -0.432274 0.776845
2161646665754088 0.416628 -0.240056 -0.401914 0.779267
2161646805738718 0.443774 -0.266609 -0.399878 0.756360
2161646945723248 0.423629 -0.257020 -0.438073 0.750047
2161647085707813 0.407873 -0.247753 -0.462556 0.747194
2161647225691711 0.419823 -0.260273 -0.468231 0.732642
2161647365674010 0.428095 -0.250546 -0.437786 0.749869
2161647505656508 0.423617 -0.235281 -0.419247 0.767738
2161647645639005 0.419709 -0.229417 -0.405037 0.779202
2161647785622169 0.425749 -0.248141 -0.389899 0.777908
2161647925605399 0.421010 -0.249607 -0.413570 0.767727
2161648065588630 0.411687 -0.252897 -0.435828 0.759348
2161648205571860 0.419908 -0.249065 -0.451183 0.747045
2161648345554491 0.425152 -0.257096 -0.451789 0.740967
2161648485536856 0.416616 -0.245663 -0.422373 0.766603
2161648625519386 0.410246 -0.234935 -0.411356 0.779287
2161648765502483 0.411907 -0.226577 -0.395306 0.789130
2161648905487281 0.418537 -0.247771 -0.395006 0.779362
2161649045472211 0.423438 -0.245476 -0.412445 0.768329
2161649185456941 0.417642 -0.248918 -0.432824 0.759129
2161649325441571 0.419798 -0.261271 -0.453142 0.741733
2161649465424170 0.422983 -0.266153 -0.444519 0.743404
2161649605406568 0.430032 -0.249507 -0.423351 0.757358
2161649745389065 0.420064 -0.235132 -0.400951 0.779420
2161649885372596 0.410713 -0.241037 -0.398429 0.783881
2161650025357293 0.418474 -0.254558 -0.411365 0.768672
2161650165341890 0.410330 -0.263863 -0.442575 0.752417
2161650305326388 0.404732 -0.255526 -0.463292 0.745827
2161650445310486 0.409478 -0.229341 -0.468945 0.748211
2161650585292885 0.403925 -0.237177 -0.442557 0.764678
2161650725275316 0.399004 -0.229760 -0.425713 0.778956
2161650865257880 0.396340 -0.262395 -0.426041 0.769773
2161651005240977 0.410664 -0.267436 -0.418633 0.764577
2161651145224174 0.399071 -0.268426 -0.423029 0.767942
2161651285207338 0.396579 -0.257213 -0.440905 0.762999
2161651425190635 0.409948 -0.259669 -0.455108 0.746585
2161651565173366 0.427708 -0.252237 -0.454167 0.739711
2161651705155698 0.417790 -0.244758 -0.427644 0.763324
2161651845138228 0.422006 -0.258135 -0.419833 0.760931
2161651985121192 0.430562 -0.267639 -0.428749 0.747769
2161652125105789 0.428811 -0.282944 -0.461593 0.723183
2161652265090419 0.396806 -0.304524 -0.536743 0.679496
2161652405074918 0.354735 -0.334982 -0.623469 0.610929
2161652545059382 0.325587 -0.369775 -0.689293 0.531162
2161652685041947 0.318440 -0.380007 -0.717397 0.489418
2161652825024279 0.279009 -0.383977 -0.738222 0.479314
2161652965006809 0.240082 -0.394790 -0.766812 0.445533
2161653104989672 0.203678 -0.417067 -0.789988 0.400609
2161653244972902 0.187107 -0.437807 -0.800750 0.363475
2161653384956199 0.165044 -0.436250 -0.823278 0.323510
2161653524939396 0.150163 -0.438108 -0.840237 0.281979
2161653664922393 0.146685 -0.453157 -0.843972 0.246662
2161653804904692 0.140565 -0.468082 -0.839017 0.239143
2161653944887223 0.147532 -0.452302 -0.836548 0.271740
2161654084869787 0.147670 -0.446784 -0.831464 0.295372
2161654224854251 0.152129 -0.467232 -0.817456 0.300525
2161654364839215 0.150264 -0.495892 -0.808418 0.279231
2161654504823979 0.131025 -0.485850 -0.825980 0.254043
2161654644808843 0.130737 -0.461293 -0.842951 0.244026
2161654784792141 0.130891 -0.466318 -0.842381 0.236235
2161654924774540 0.140375 -0.475570 -0.833632 0.243277
2161655064757037 0.139598 -0.469248 -0.835623 0.249099
2161655204739768 0.125402 -0.466279 -0.838908 0.251177
2161655344724332 0.133731 -0.471710 -0.833728 0.253973
2161655484708962 0.128262 -0.478432 -0.835523 0.237803
2161655624693394 0.117756 -0.469963 -0.844934 0.226615
2161655764678058 0.122213 -0.470062 -0.847435 0.214379
2161655904660823 0.124780 -0.474623 -0.844354 0.215006
2161656044643155 0.122737 -0.460696 -0.845778 0.239482
2161656184625685 0.127078 -0.453388 -0.847451 0.245185
2161656324608415 0.125952 -0.462673 -0.839869 0.254338
2161656464123160 0.128032 -0.470472 -0.835922 0.251985
2161656604106390 0.119491 -0.462076 -0.846734 0.235049
2161656744089654 0.112191 -0.459688 -0.855576 0.209974
2161656884072785 0.123778 -0.463969 -0.857603 0.184192
2161657024055084 0.118938 -0.473724 -0.849261 0.200483
2161657164037548 0.124297 -0.472263 -0.843235 0.224658
2161657304020079 0.119686 -0.465510 -0.840868 0.248829
2161657444004276 0.117444 -0.465225 -0.839827 0.253892
2161657583988906 0.121145 -0.479952 -0.832838 0.247688
2161657723973504 0.118258 -0.475317 -0.838948 0.237177
2161657863958035 0.117078 -0.467082 -0.847673 0.222656
2161658003941433 0.123394 -0.470919 -0.847376 0.212042
2161658143923765 0.131446 -0.474774 -0.836343 0.240499
2161658283906296 0.130162 -0.472106 -0.829544 0.268382
2161658423888859 0.131312 -0.474147 -0.822208 0.286206
2161658563872056 0.138649 -0.481947 -0.814780 0.290921
2161658703855253 0.143188 -0.491985 -0.814347 0.272553
2161658843838417 0.125303 -0.478804 -0.834581 0.241907
2161658983821647 0.126907 -0.469011 -0.844323 0.225921
2161659123804113 0.128653 -0.470717 -0.845188 0.218013
2161659263786545 0.131281 -0.477913 -0.834467 0.240891
2161659403769075 0.136230 -0.475192 -0.829304 0.260551
2161659543752672 0.132428 -0.473069 -0.827587 0.271598
2161659683737536 0.135675 -0.473465 -0.824197 0.279502
2161659823722400 0.125967 -0.493854 -0.824324 0.246432
2161659963707198 0.101692 -0.492015 -0.837143 0.216265
2161660103691462 0.095653 -0.490400 -0.843315 0.197931
2161660243673894 0.102419 -0.489046 -0.840872 0.208031
2161660383656425 0.128909 -0.493217 -0.827340 0.235851
2161660523638856 0.145723 -0.480491 -0.820072 0.274542
2161660663622853 0.166476 -0.479022 -0.810595 0.292845
2161660803607550 0.170164 -0.488965 -0.801412 0.299491
2161660943592081 0.157183 -0.482154 -0.815899 0.277719
2161661083576712 0.147399 -0.471707 -0.830485 0.257019
2161661223560377 0.144726 -0.473201 -0.833481 0.245851
2161661363542676 0.155186 -0.473315 -0.830475 0.249400
2161661503525140 0.147118 -0.466731 -0.828358 0.272653
2161661643507637 0.135263 -0.470892 -0.823781 0.285215
2161661783490834 0.142353 -0.484498 -0.815018 0.284149
2161661923474064 0.148208 -0.499005 -0.806298 0.280909
2161662063457228 0.126009 -0.498913 -0.814856 0.266864
2161662203440458 0.133704 -0.498826 -0.814227 0.265196
2161662343422990 0.101600 -0.495086 -0.818371 0.273559
2161662483405422 0.128668 -0.507926 -0.809163 0.265914
2161662623388019 0.124081 -0.497677 -0.812157 0.278067
2161662763371317 0.115425 -0.508103 -0.809993 0.269105
2161662903355947 0.140640 -0.513227 -0.806347 0.258112
2161663043340578 0.147487 -0.526773 -0.803406 0.235149
2161663183325042 0.136442 -0.513123 -0.814527 0.233736
2161663323309306 0.124146 -0.504784 -0.822347 0.231355
2161663463291671 0.132406 -0.514642 -0.818073 0.219925
2161663603274103 0.137727 -0.514298 -0.815952 0.225276
2161663743256567 0.107208 -0.507305 -0.821316 0.237878
2161663883239564 0.091239 -0.511571 -0.826292 0.217277
2161664023222895 0.072242 -0.525212 -0.830992 0.168475
2161664163206192 0.043158 -0.535645 -0.836532 0.106928
2161664303189389 0.026921 -0.533762 -0.843863 0.047618
2161664443172187 0.010481 0.531868 0.846698 0.010353
2161664583154519 0.038047 0.535303 0.841459 0.062836
2161664723137050 0.061516 0.511858 0.850109 0.107376
2161664863119814 0.115444 0.497882 0.840721 0.178809
2161665003104512 0.168296 0.483315 0.827100 0.232350
2161665143089442 0.202164 0.483174 0.800642 0.290936
2161665283074139 0.216213 0.484186 0.773362 0.347456
2161665423058970 0.228222 0.459234 0.763760 0.392030
2161665563041835 0.241304 0.448526 0.757651 0.408117
2161665703024233 0.242597 0.458049 0.750136 0.410649
2161665843006763 0.253500 0.442638 0.754644 0.412698
2161665982989827 0.251246 0.434966 0.769346 0.394696
2161666122974557 0.256620 0.444244 0.761603 0.395919
2161666262959154 0.268490 0.452473 0.748271 0.404067
2161666402943619 0.251524 0.446360 0.747210 0.423290
2161666542928050 0.246675 0.448547 0.733147 0.447718
2161666682910482 0.262226 0.453179 0.726612 0.444859
2161666822892847 0.283178 0.460410 0.721526 0.432703
2161666962875444 0.262993 0.453517 0.740037 0.421308
2161667102858342 0.249525 0.448289 0.751899 0.414030
2161667242841572 0.262315 0.455539 0.743195 0.413925
2161667382824802 0.286748 0.463295 0.738457 0.397258
2161667522808066 0.272596 0.461089 0.739369 0.407946
2161667662790963 0.273604 0.443046 0.738473 0.428376
2161667802773262 0.274797 0.452708 0.724971 0.440405
2161667942755859 0.284809 0.457287 0.727537 0.424807
2161668082738457 0.269747 0.465108 0.736814 0.409895
2161668222722953 0.272938 0.461651 0.744238 0.398110
2161668362707583 0.272381 0.464841 0.742842 0.397386
2161668502692115 0.282736 0.475699 0.732708 0.396116
2161668642676712 0.292159 0.462889 0.729740 0.409701
2161668782659644 0.277590 0.453324 0.727434 0.433911
2161668922641943 0.277501 0.456251 0.722825 0.438577
2161669062624440 0.276475 0.468374 0.724937 0.422673
2161669202607138 0.273555 0.463145 0.735517 0.411920
2161669342590368 0.275472 0.460442 0.738521 0.408282
2161669482573665 0.278450 0.467072 0.736516 0.402308
2161669622556895 0.282912 0.472145 0.726489 0.411402
2161669762540058 0.278801 0.453030 0.729892 0.429290
2161669902522357 0.270188 0.451905 0.728063 0.438979
2161670042504788 0.272323 0.456754 0.728292 0.432210
2161670182487286 0.274750 0.462508 0.734180 0.414218
2161670322471251 0.274126 0.454836 0.744416 0.404750
2161670462456181 0.277317 0.457636 0.741806 0.404212
2161670602441012 0.285339 0.463215 0.736363 0.402221
2161670742425843 0.280117 0.464532 0.734054 0.408543
2161670882409740 0.279857 0.461139 0.727906 0.423299
2161671022392139 0.281927 0.468499 0.717955 0.430771
2161671162374636 0.287734 0.464835 0.720379 0.426838
2161671302357167 0.277153 0.468362 0.733456 0.407263
2161671442341564 0.264096 0.461431 0.754692 0.384413
2161671582326194 0.260142 0.466135 0.759807 0.371128
2161671722310626 0.264393 0.474386 0.756250 0.364882
2161671862295290 0.263480 0.462939 0.751872 0.388526
2161672002278522 0.267605 0.453452 0.741977 0.415015
2161672142260854 0.271656 0.458750 0.734219 0.420325
2161672282243384 0.274039 0.465047 0.735368 0.409715
2161672422226015 0.263841 0.462180 0.749160 0.394380
2161672562209245 0.266307 0.459234 0.749692 0.395153
2161672702192409 0.268595 0.469128 0.740975 0.398408
2161672842175640 0.289342 0.465680 0.731622 0.405155
2161672982158837 0.273965 0.452011 0.732432 0.429153
2161673122141269 0.278087 0.445449 0.723039 0.448838
2161673262123700 0.284001 0.447860 0.718865 0.449440
2161673402106197 0.266008 0.450883 0.744351 0.414590
2161673542089894 0.238696 0.451093 0.784619 0.352009
2161673682074491 0.205831 0.457396 0.818719 0.279500
2161673822059122 0.183622 0.476492 0.832315 0.215609
2161673962043620 0.162174 0.507119 0.830110 0.165668
2161674102027584 0.138466 0.501383 0.844321 0.128697
2161674242009850 0.101592 0.507861 0.850861 0.088260
2161674381992348 0.067353 0.510876 0.855344 0.053427
2161674521974878 -0.037407 -0.507347 -0.860928 0.001053
2161674661958075 0.007939 -0.514123 -0.855522 0.060782
2161674801941306 0.039256 -0.508012 -0.848324 0.143971
2161674941924470 0.068410 -0.500826 -0.842499 0.186247
2161675081907733 0.092713 -0.493588 -0.839275 0.208307
2161675221890331 0.088743 -0.481406 -0.848083 0.202796
2161675361872697 0.082872 -0.494400 -0.848623 0.168932
2161675501855227 0.091349 -0.503301 -0.844698 0.157567
2161675641838291 0.109552 -0.499618 -0.841266 0.175073
2161675781823155 0.116683 -0.491706 -0.837475 0.207952
2161675921808019 0.113582 -0.482647 -0.834255 0.241181
2161676061792850 0.116386 -0.486523 -0.826243 0.258979
2161676201777480 0.125577 -0.506616 -0.814090 0.254611
2161676341760079 0.121099 -0.496962 -0.823830 0.244267
2161676481742510 0.118048 -0.496047 -0.830824 0.223006
2161676621725041 0.120609 -0.501008 -0.831641 0.206920
2161676761708572 0.118056 -0.500546 -0.829875 0.216385
2161676901693202 0.117910 -0.469801 -0.838416 0.249881
2161677041677766 0.125255 -0.457364 -0.835330 0.278123
2161677181773984 0.112968 -0.470172 -0.829330 0.279977
2161677321758082 0.115841 -0.482025 -0.825970 0.268336
2161677461740381 0.127591 -0.471021 -0.839329 0.239554
2161677601722845 0.124460 -0.461456 -0.849470 0.223535
2161677741705376 0.121473 -0.463206 -0.850346 0.218160
2161677881688439 0.120915 -0.465702 -0.847475 0.224244
2161678021671702 0.125728 -0.454908 -0.848790 0.238340
2161678161654933 0.114236 -0.441461 -0.851458 0.259000
2161678301638130 0.110807 -0.456225 -0.847678 0.247026
2161678441620862 0.109074 -0.471253 -0.843341 0.234092
2161678581603227 0.088857 -0.460238 -0.855987 0.218107
2161678721585824 0.088215 -0.457891 -0.860895 0.203499
2161678861568755 0.085879 -0.455215 -0.860068 0.213743
2161679001553385 0.109221 -0.464694 -0.849093 0.226209
2161679141537982 0.122589 -0.463809 -0.842920 0.243592
2161679281522414 0.111544 -0.458678 -0.842193 0.260542
2161679421506911 0.118294 -0.468730 -0.835615 0.260856
2161679561489409 0.129804 -0.479260 -0.832882 0.244472
2161679701471774 0.113415 -0.460262 -0.849830 0.230400
2161679841454304 0.122842 -0.459976 -0.851893 0.218193
2161679981437167 0.125390 -0.468478 -0.850305 0.204414
2161680121420430 0.129918 -0.473721 -0.846210 0.206488
2161680261403660 0.125813 -0.461678 -0.849631 0.221700
2161680401386890 0.110014 -0.458495 -0.848106 0.241649
2161680541369921 0.126177 -0.476816 -0.835974 0.240565
2161680681352286 0.093248 -0.486107 -0.843107 0.210175
2161680821334750 0.100183 -0.480360 -0.849304 0.194677
2161680961317314 0.090420 -0.491592 -0.841814 0.203739
2161681101301778 0.104371 -0.506292 -0.830638 0.206915
2161681241286674 0.115750 -0.504162 -0.826395 0.222469
2161681381271438 0.129789 -0.498840 -0.820775 0.246252
2161681521256302 0.115782 -0.492970 -0.823399 0.256100
2161681661239633 0.123641 -0.504322 -0.815882 0.254375
2161681801221965 0.118488 -0.501518 -0.821428 0.244327
2161681941204495 0.116124 -0.498566 -0.830246 0.220539
2161682081187293 0.116078 -0.497719 -0.829930 0.223642
2161682221171924 0.126586 -0.508192 -0.820704 0.228384
2161682361189887 0.142177 -0.516914 -0.811486 0.232539
2161682501407651 0.144649 -0.508027 -0.810640 0.252678
2161682641625750 0.132244 -0.503718 -0.813703 0.258198
2161682781841714 0.134341 -0.509118 -0.811044 0.254866
2161682922057377 0.152663 -0.516708 -0.805969 0.245193
2161683062073308 0.149455 -0.511345 -0.815199 0.227242
2161683202055872 0.150365 -0.501657 -0.820431 0.229394
2161683342039169 0.161102 -0.502999 -0.816843 0.231958
2161683482022399 0.165895 -0.500960 -0.810571 0.253951
2161683622005530 0.177708 -0.490454 -0.810484 0.266435
2161683761988594 0.155899 -0.484635 -0.816170 0.273294
2161683901970893 0.152376 -0.488306 -0.815351 0.271181
2161684041953357 0.159448 -0.497026 -0.811574 0.262464
2161684181935821 0.160037 -0.483548 -0.820795 0.258580
2161684321920119 0.157042 -0.492336 -0.822259 0.238391
2161684461904749 0.158308 -0.495975 -0.821166 0.233734
2161684601889280 0.161850 -0.504220 -0.814182 0.238058
2161684741873844 0.162834 -0.495385 -0.813030 0.258960
